{
 "cells": [
  {
   "cell_type": "code",
   "execution_count": 63,
   "metadata": {},
   "outputs": [],
   "source": [
    "# 必要ライブラリのインストール\n",
    "from PIL import Image\n",
    "import numpy as np"
   ]
  },
  {
   "cell_type": "code",
   "execution_count": 64,
   "metadata": {},
   "outputs": [],
   "source": [
    "def MSE(x, y):\n",
    "    l = len(x)\n",
    "    sum = 0.0\n",
    "    for i in range(l):\n",
    "        diff = float(x[i]) - float(y[i])\n",
    "        sum += (diff * diff)\n",
    "    return sum / l"
   ]
  },
  {
   "cell_type": "code",
   "execution_count": 65,
   "metadata": {},
   "outputs": [],
   "source": [
    "img1 = Image.open('ref/c1b_ref.tga')\n",
    "img2 = Image.open('c1b_approx2/c1b_16_16_0.5_16_2.tga')\n",
    "img1_gray = img1.convert('L')\n",
    "img2_gray = img2.convert('L')\n",
    "img1_gray_arr = np.array(img1_gray)\n",
    "img2_gray_arr = np.array(img2_gray)"
   ]
  },
  {
   "cell_type": "code",
   "execution_count": 88,
   "metadata": {},
   "outputs": [],
   "source": [
    "def phi(k, N):\n",
    "\tif k == 0:\n",
    "\t\treturn np.ones(N) / np.sqrt(N)\n",
    "\telse:\n",
    "\t\treturn np.sqrt(2.0 / N) * np.cos((k * np.pi / (2 * N)) * (np.arange(N) * 2 + 1))\n",
    "\n",
    "def DCT_mat_element_product(N):\n",
    "\tphi_1d = np.array([phi(k, N) for k in range(N)])\n",
    "\tphi_2d = np.zeros((N,N,N,N))\n",
    "\t\n",
    "\tfor i in range(N):\n",
    "\t\tfor j in range(N):\n",
    "\t\t\tphi_i, phi_j = np.meshgrid(phi_1d[i], phi_1d[j])\n",
    "\t\t\tphi_2d[i, j] = phi_i*phi_j\n",
    "\t\t\t\n",
    "\treturn phi_2d.reshape(N * N, N * N)"
   ]
  },
  {
   "cell_type": "code",
   "execution_count": 93,
   "metadata": {},
   "outputs": [],
   "source": [
    "A = DCT_mat_element_product(8)\n",
    "f = open('tmp.txt', 'w')\n",
    "for i in range(64):\n",
    "    for j in range(64):\n",
    "        f.write(str(A[i, j]) + ' ')\n",
    "    f.write('\\n')\n",
    "f.close()"
   ]
  },
  {
   "cell_type": "code",
   "execution_count": 66,
   "metadata": {},
   "outputs": [],
   "source": [
    "def DCT_mat_2step(n):\n",
    "    C = np.array([[0.0] * n] * n)\n",
    "    for i in range(n):\n",
    "        for j in range(n):\n",
    "            if i == 0:\n",
    "                C[i, j] = np.sqrt(1.0 / n) * np.cos(i * (2 * j + 1) * np.pi / (2.0 * n))\n",
    "            else:\n",
    "                C[i, j] = np.sqrt(2.0 / n) * np.cos(i * (2 * j + 1) * np.pi / (2.0 * n))\n",
    "    return C"
   ]
  },
  {
   "cell_type": "code",
   "execution_count": null,
   "metadata": {},
   "outputs": [],
   "source": [
    "def DCT_mat_element_prob(n):\n",
    "    C = np.array([0.0] * (n * n))\n",
    "    for i in range(n):\n",
    "        for j in range(n):\n",
    "            C[i * n + j] = np.cos((2 * ))"
   ]
  },
  {
   "cell_type": "code",
   "execution_count": 62,
   "metadata": {},
   "outputs": [
    {
     "data": {
      "text/plain": [
       "array([[ 0.35355339,  0.35355339,  0.35355339,  0.35355339,  0.35355339,\n",
       "         0.35355339,  0.35355339,  0.35355339],\n",
       "       [ 0.49039264,  0.41573481,  0.27778512,  0.09754516, -0.09754516,\n",
       "        -0.27778512, -0.41573481, -0.49039264],\n",
       "       [ 0.46193977,  0.19134172, -0.19134172, -0.46193977, -0.46193977,\n",
       "        -0.19134172,  0.19134172,  0.46193977],\n",
       "       [ 0.41573481, -0.09754516, -0.49039264, -0.27778512,  0.27778512,\n",
       "         0.49039264,  0.09754516, -0.41573481],\n",
       "       [ 0.35355339, -0.35355339, -0.35355339,  0.35355339,  0.35355339,\n",
       "        -0.35355339, -0.35355339,  0.35355339],\n",
       "       [ 0.27778512, -0.49039264,  0.09754516,  0.41573481, -0.41573481,\n",
       "        -0.09754516,  0.49039264, -0.27778512],\n",
       "       [ 0.19134172, -0.46193977,  0.46193977, -0.19134172, -0.19134172,\n",
       "         0.46193977, -0.46193977,  0.19134172],\n",
       "       [ 0.09754516, -0.27778512,  0.41573481, -0.49039264,  0.49039264,\n",
       "        -0.41573481,  0.27778512, -0.09754516]])"
      ]
     },
     "execution_count": 62,
     "metadata": {},
     "output_type": "execute_result"
    }
   ],
   "source": [
    "DCT_mat(8)"
   ]
  },
  {
   "cell_type": "code",
   "execution_count": 74,
   "metadata": {},
   "outputs": [
    {
     "name": "stdout",
     "output_type": "stream",
     "text": [
      "1484.6249999999998 -3.8373934689263827 -5.317115014768486 1.0896771304564226 -0.12499999999994316 0.41674247101026296 -0.09766227380694126 0.7751392319173744 \n",
      "2.2802056865210716 4.752692423584159 1.4023525324033894 -0.8555868384495025 -1.3769845310281017 -2.3986577241511675 -1.41597098170674 -0.3065665208812567 \n",
      "-11.929186173040819 12.011978492480171 0.5669417382416047 -2.74375034043395 -3.2219715424172293 0.7004516690971805 0.6919417382416011 0.18416647444496936 \n",
      "-4.111339290603723 4.131972102083495 -1.0606088515121392 -3.1738595722080447 0.8497732506178677 0.08720345912570959 -0.37233932628378863 -0.5601033092052177 \n",
      "9.875000000000085 -4.7896084331423765 3.548612283636313 2.395355598865393 -0.8749999999999893 0.262608997273329 -0.25219211015698484 0.43641623103028593 \n",
      "-0.2945677890160425 1.383326613908622 -0.5122524381717586 -1.1627965408742726 0.1167916679368064 -0.06878111491124805 0.2928216437679474 -0.2519113743996835 \n",
      "-1.6884215258441202 1.0474358827801886 0.19194173824159577 0.0862911222742131 0.3874911351935246 -0.3294074196202832 -0.3169417382415656 -0.2675436414720278 \n",
      "-0.35111405891532854 0.9434334791187275 -0.49651413464812855 -0.2174587993656525 -0.6562459372400848 0.3211898568471181 -0.2126792952914376 0.4899482635351744 \n"
     ]
    }
   ],
   "source": [
    "i0 = 480\n",
    "j0 = 40\n",
    "block1 = img1_gray_arr[i0 : i0 + N, j0 : j0 + N]\n",
    "mat1 = DCT_block(block1)\n",
    "for i in range(N):\n",
    "    for j in range(N):\n",
    "        print(mat1[i, j], end = ' ')\n",
    "    print('')"
   ]
  },
  {
   "cell_type": "code",
   "execution_count": 76,
   "metadata": {},
   "outputs": [
    {
     "name": "stdout",
     "output_type": "stream",
     "text": [
      "[[ 6.23340103e+03 -6.71500033e+03  7.37856511e+03 -1.06265734e+04\n",
      "   1.06122139e+04 -8.78463116e+03 -3.56925557e+03  5.50455899e+03]\n",
      " [-3.30890439e+01  3.63381566e+01 -3.75990624e+01  5.36015949e+01\n",
      "  -5.49004029e+01  4.44154269e+01  1.88195575e+01 -2.77388617e+01]\n",
      " [-1.78465881e+02  1.94881109e+02 -2.09756266e+02  3.01874431e+02\n",
      "  -3.05275278e+02  2.46813685e+02  1.02415869e+02 -1.53352484e+02]\n",
      " [-7.98715462e+01  8.75484106e+01 -9.48114762e+01  1.36345767e+02\n",
      "  -1.36487571e+02  1.07610541e+02  4.89871261e+01 -6.97105671e+01]\n",
      " [ 1.27810710e+02 -1.38642264e+02  1.49205649e+02 -2.16082264e+02\n",
      "   2.18453075e+02 -1.73339713e+02 -7.58990715e+01  1.09113666e+02]\n",
      " [-2.20094729e+01  2.39195874e+01 -2.55410635e+01  3.70474104e+01\n",
      "  -3.73063595e+01  2.91634319e+01  1.34530852e+01 -1.88316461e+01]\n",
      " [-1.89544027e+01  2.05064447e+01 -2.18979290e+01  3.15027023e+01\n",
      "  -3.17511973e+01  2.55516191e+01  1.11046522e+01 -1.61549676e+01]\n",
      " [-1.56063697e+01  1.74918340e+01 -1.91884513e+01  2.74147216e+01\n",
      "  -2.79399411e+01  2.23041109e+01  9.01909395e+00 -1.35670259e+01]]\n"
     ]
    }
   ],
   "source": [
    "A = mat1.dot(np.linalg.inv(block1))\n",
    "print(A)"
   ]
  },
  {
   "cell_type": "code",
   "execution_count": null,
   "metadata": {},
   "outputs": [],
   "source": [
    "A.dot()"
   ]
  },
  {
   "cell_type": "code",
   "execution_count": 27,
   "metadata": {},
   "outputs": [],
   "source": [
    "def DCT_block(img_block):\n",
    "    #N = 8\t\t\t# データの次元は10x10とする\n",
    "    dct = DCT(N)\t# 離散コサイン変換を行うクラスを作成\n",
    "    c = dct.dct2(img_block)\t# 2次元離散コサイン変換\n",
    "    return c"
   ]
  },
  {
   "cell_type": "code",
   "execution_count": 53,
   "metadata": {},
   "outputs": [],
   "source": [
    "def DCT(block):\n",
    "    n = block.shape[0]\n",
    "    C = DCT_mat(n)\n",
    "    return C.dot(block).dot(C.T)\n",
    "\n",
    "def IDCT(block):\n",
    "    n = block.shape[0]\n",
    "    C = DCT_mat(n)\n",
    "    return (C.T).dot(block).dot(C)\n",
    "\n",
    "def coef_delete_round(block):\n",
    "    res = block\n",
    "    for i in range(0, 8):\n",
    "        for j in range(0, 8):\n",
    "            cond = (i == 0) or (j == 0) or (i + j <= 4)\n",
    "            if cond:\n",
    "                res[i, j] = round(block[i, j])\n",
    "            else:\n",
    "                res[i, j] = 0\n",
    "    return res\n"
   ]
  },
  {
   "cell_type": "code",
   "execution_count": 47,
   "metadata": {},
   "outputs": [],
   "source": [
    "block1x = IDCT(coef_delete(DCT(block1)))"
   ]
  },
  {
   "cell_type": "code",
   "execution_count": 52,
   "metadata": {},
   "outputs": [
    {
     "data": {
      "text/plain": [
       "array([[ 1.48462500e+03,  2.28020569e+00, -1.19291862e+01,\n",
       "        -4.11133929e+00,  9.87500000e+00, -2.94567789e-01,\n",
       "        -1.68842153e+00, -3.51114059e-01],\n",
       "       [-3.83739347e+00,  4.75269242e+00,  1.20119785e+01,\n",
       "         4.13197210e+00, -4.78960843e+00,  1.38332661e+00,\n",
       "         1.04743588e+00,  9.43433479e-01],\n",
       "       [-5.31711501e+00,  1.40235253e+00,  5.66941738e-01,\n",
       "        -1.06060885e+00,  3.54861228e+00, -5.12252438e-01,\n",
       "         1.91941738e-01, -4.96514135e-01],\n",
       "       [ 1.08967713e+00, -8.55586838e-01, -2.74375034e+00,\n",
       "        -3.17385957e+00,  2.39535560e+00, -1.16279654e+00,\n",
       "         8.62911223e-02, -2.17458799e-01],\n",
       "       [-1.25000000e-01, -1.37698453e+00, -3.22197154e+00,\n",
       "         8.49773251e-01, -8.75000000e-01,  1.16791668e-01,\n",
       "         3.87491135e-01, -6.56245937e-01],\n",
       "       [ 4.16742471e-01, -2.39865772e+00,  7.00451669e-01,\n",
       "         8.72034591e-02,  2.62608997e-01, -6.87811149e-02,\n",
       "        -3.29407420e-01,  3.21189857e-01],\n",
       "       [-9.76622738e-02, -1.41597098e+00,  6.91941738e-01,\n",
       "        -3.72339326e-01, -2.52192110e-01,  2.92821644e-01,\n",
       "        -3.16941738e-01, -2.12679295e-01],\n",
       "       [ 7.75139232e-01, -3.06566521e-01,  1.84166474e-01,\n",
       "        -5.60103309e-01,  4.36416231e-01, -2.51911374e-01,\n",
       "        -2.67543641e-01,  4.89948264e-01]])"
      ]
     },
     "execution_count": 52,
     "metadata": {},
     "output_type": "execute_result"
    }
   ],
   "source": [
    "DCT(block1)"
   ]
  },
  {
   "cell_type": "code",
   "execution_count": 56,
   "metadata": {},
   "outputs": [],
   "source": [
    "block1x = IDCT(coef_delete_round(DCT(block1)))"
   ]
  },
  {
   "cell_type": "code",
   "execution_count": 57,
   "metadata": {},
   "outputs": [
    {
     "data": {
      "text/plain": [
       "array([[188.18237591, 185.0547282 , 182.93908216, 184.87033432,\n",
       "        184.54911145, 181.6951665 , 182.49642354, 184.58357871],\n",
       "       [187.72509181, 185.07612691, 183.54221185, 185.74916387,\n",
       "        185.28751053, 182.07796448, 182.56815813, 184.50269517],\n",
       "       [187.19884582, 185.43534486, 184.99189035, 187.75551445,\n",
       "        187.11987849, 183.36400374, 183.38477926, 185.10177945],\n",
       "       [185.58415125, 184.95255551, 185.91455806, 189.43292011,\n",
       "        188.66682442, 184.34869907, 183.91242861, 185.44434546],\n",
       "       [184.24656941, 184.76331298, 187.1389765 , 191.4008719 ,\n",
       "        190.49991825, 185.65834081, 184.84394328, 186.257214  ],\n",
       "       [182.19056485, 183.6523625 , 187.15171846, 191.92436004,\n",
       "        190.78736454, 185.43243795, 184.29344338, 185.62767285],\n",
       "       [181.04021227, 183.12322645, 187.31456762, 192.29882482,\n",
       "        190.83853103, 185.00643282, 183.58533123, 184.85199   ],\n",
       "       [180.14161818, 182.51646403, 187.00777157, 192.02373685,\n",
       "        190.31743047, 184.17863261, 182.57891657, 183.79899929]])"
      ]
     },
     "execution_count": 57,
     "metadata": {},
     "output_type": "execute_result"
    }
   ],
   "source": [
    "block1x"
   ]
  },
  {
   "cell_type": "code",
   "execution_count": 60,
   "metadata": {},
   "outputs": [
    {
     "data": {
      "text/plain": [
       "array([[ 1.29790643e+03, -3.51904442e+02,  2.71101024e+02,\n",
       "        -1.04360713e+02,  1.61256837e+02, -1.55204138e+01,\n",
       "         8.96070431e+01,  3.89072586e+01],\n",
       "       [-3.61787189e+02,  1.07442796e+02, -6.45019948e+01,\n",
       "         2.87644065e+01, -4.20646675e+01,  4.37493571e+00,\n",
       "        -2.30570011e+01, -9.41334214e+00],\n",
       "       [ 2.76166291e+02, -7.79858642e+01,  5.40908887e+01,\n",
       "        -2.25060714e+01,  3.37051936e+01, -3.42833842e+00,\n",
       "         1.87733507e+01,  8.16447741e+00],\n",
       "       [-9.91360774e+01,  2.91877198e+01, -1.75585755e+01,\n",
       "         7.45575050e+00, -1.20842514e+01,  1.52718273e+00,\n",
       "        -6.51474924e+00, -2.97447826e+00],\n",
       "       [ 1.50939781e+02, -4.16773351e+01,  3.02259942e+01,\n",
       "        -1.17297533e+01,  1.87134521e+01, -2.04040414e+00,\n",
       "         1.04967614e+01,  4.60144571e+00],\n",
       "       [-1.55971433e+01,  5.57800037e+00, -1.76024390e+00,\n",
       "         1.46147970e+00, -8.31811181e-01,  8.84042712e-02,\n",
       "        -1.26958626e+00, -8.05747583e-02],\n",
       "       [ 8.73255575e+01, -2.33790019e+01,  1.80488226e+01,\n",
       "        -7.33435864e+00,  1.11968653e+01, -9.73941640e-01,\n",
       "         5.95877339e+00,  2.83088793e+00],\n",
       "       [ 3.75313314e+01, -1.00550510e+01,  8.50212637e+00,\n",
       "        -3.59761997e+00,  5.22710223e+00, -3.59838014e-01,\n",
       "         2.98295756e+00,  1.34350567e+00]])"
      ]
     },
     "execution_count": 60,
     "metadata": {},
     "output_type": "execute_result"
    }
   ],
   "source": [
    "IDCT(img3_gray_arr[i0 : i0 + N, j0 : j0 + N])"
   ]
  },
  {
   "cell_type": "code",
   "execution_count": null,
   "metadata": {},
   "outputs": [],
   "source": []
  },
  {
   "cell_type": "code",
   "execution_count": 6,
   "metadata": {},
   "outputs": [
    {
     "ename": "KeyboardInterrupt",
     "evalue": "",
     "output_type": "error",
     "traceback": [
      "\u001b[1;31m---------------------------------------------------------------------------\u001b[0m",
      "\u001b[1;31mKeyboardInterrupt\u001b[0m                         Traceback (most recent call last)",
      "Cell \u001b[1;32mIn[6], line 8\u001b[0m\n\u001b[0;32m      6\u001b[0m \u001b[38;5;28;01mfor\u001b[39;00m i \u001b[38;5;129;01min\u001b[39;00m \u001b[38;5;28mrange\u001b[39m(\u001b[38;5;241m0\u001b[39m, height, N):\n\u001b[0;32m      7\u001b[0m     \u001b[38;5;28;01mfor\u001b[39;00m j \u001b[38;5;129;01min\u001b[39;00m \u001b[38;5;28mrange\u001b[39m(\u001b[38;5;241m0\u001b[39m, width, N):\n\u001b[1;32m----> 8\u001b[0m         \u001b[38;5;28msum\u001b[39m \u001b[38;5;241m+\u001b[39m\u001b[38;5;241m=\u001b[39m \u001b[38;5;28mabs\u001b[39m(\u001b[43mDCT_block\u001b[49m\u001b[43m(\u001b[49m\u001b[43mimg_gray_arr\u001b[49m\u001b[43m[\u001b[49m\u001b[43mi\u001b[49m\u001b[43m \u001b[49m\u001b[43m:\u001b[49m\u001b[43m \u001b[49m\u001b[43mi\u001b[49m\u001b[43m \u001b[49m\u001b[38;5;241;43m+\u001b[39;49m\u001b[43m \u001b[49m\u001b[43mN\u001b[49m\u001b[43m,\u001b[49m\u001b[43m \u001b[49m\u001b[43mj\u001b[49m\u001b[43m \u001b[49m\u001b[43m:\u001b[49m\u001b[43m \u001b[49m\u001b[43mj\u001b[49m\u001b[43m \u001b[49m\u001b[38;5;241;43m+\u001b[39;49m\u001b[43m \u001b[49m\u001b[43mN\u001b[49m\u001b[43m]\u001b[49m\u001b[43m)\u001b[49m)\n\u001b[0;32m      9\u001b[0m ave \u001b[38;5;241m=\u001b[39m \u001b[38;5;28msum\u001b[39m \u001b[38;5;241m/\u001b[39m (height \u001b[38;5;241m/\u001b[39m N \u001b[38;5;241m*\u001b[39m width \u001b[38;5;241m/\u001b[39m N)\n\u001b[0;32m     11\u001b[0m f \u001b[38;5;241m=\u001b[39m \u001b[38;5;28mopen\u001b[39m(\u001b[38;5;124m'\u001b[39m\u001b[38;5;124mtmp.txt\u001b[39m\u001b[38;5;124m'\u001b[39m, \u001b[38;5;124m'\u001b[39m\u001b[38;5;124mw\u001b[39m\u001b[38;5;124m'\u001b[39m)\n",
      "Cell \u001b[1;32mIn[5], line 3\u001b[0m, in \u001b[0;36mDCT_block\u001b[1;34m(img_block)\u001b[0m\n\u001b[0;32m      1\u001b[0m \u001b[38;5;28;01mdef\u001b[39;00m \u001b[38;5;21mDCT_block\u001b[39m(img_block):\n\u001b[0;32m      2\u001b[0m     \u001b[38;5;66;03m#N = 8\t\t\t# データの次元は10x10とする\u001b[39;00m\n\u001b[1;32m----> 3\u001b[0m     dct \u001b[38;5;241m=\u001b[39m \u001b[43mDCT\u001b[49m\u001b[43m(\u001b[49m\u001b[43mN\u001b[49m\u001b[43m)\u001b[49m\t\u001b[38;5;66;03m# 離散コサイン変換を行うクラスを作成\u001b[39;00m\n\u001b[0;32m      4\u001b[0m     c \u001b[38;5;241m=\u001b[39m dct\u001b[38;5;241m.\u001b[39mdct2(img_block)\t\u001b[38;5;66;03m# 2次元離散コサイン変換\u001b[39;00m\n\u001b[0;32m      5\u001b[0m     \u001b[38;5;28;01mreturn\u001b[39;00m c\n",
      "Cell \u001b[1;32mIn[4], line 24\u001b[0m, in \u001b[0;36mDCT.__init__\u001b[1;34m(self, N)\u001b[0m\n\u001b[0;32m     22\u001b[0m \u001b[38;5;28;01mfor\u001b[39;00m i \u001b[38;5;129;01min\u001b[39;00m \u001b[38;5;28mrange\u001b[39m(N):\n\u001b[0;32m     23\u001b[0m \t\u001b[38;5;28;01mfor\u001b[39;00m j \u001b[38;5;129;01min\u001b[39;00m \u001b[38;5;28mrange\u001b[39m(N):\n\u001b[1;32m---> 24\u001b[0m \t\tphi_i,phi_j \u001b[38;5;241m=\u001b[39m \u001b[43mnp\u001b[49m\u001b[38;5;241;43m.\u001b[39;49m\u001b[43mmeshgrid\u001b[49m\u001b[43m(\u001b[49m\u001b[38;5;28;43mself\u001b[39;49m\u001b[38;5;241;43m.\u001b[39;49m\u001b[43mphi_1d\u001b[49m\u001b[43m[\u001b[49m\u001b[43mi\u001b[49m\u001b[43m]\u001b[49m\u001b[43m,\u001b[49m\u001b[38;5;28;43mself\u001b[39;49m\u001b[38;5;241;43m.\u001b[39;49m\u001b[43mphi_1d\u001b[49m\u001b[43m[\u001b[49m\u001b[43mj\u001b[49m\u001b[43m]\u001b[49m\u001b[43m)\u001b[49m\n\u001b[0;32m     25\u001b[0m \t\t\u001b[38;5;28mself\u001b[39m\u001b[38;5;241m.\u001b[39mphi_2d[i,j] \u001b[38;5;241m=\u001b[39m phi_i\u001b[38;5;241m*\u001b[39mphi_j\n",
      "File \u001b[1;32mc:\\Users\\sakakibara.MTL\\AppData\\Local\\Programs\\Python\\Python312\\Lib\\site-packages\\numpy\\lib\\function_base.py:5163\u001b[0m, in \u001b[0;36mmeshgrid\u001b[1;34m(copy, sparse, indexing, *xi)\u001b[0m\n\u001b[0;32m   5160\u001b[0m     output \u001b[38;5;241m=\u001b[39m np\u001b[38;5;241m.\u001b[39mbroadcast_arrays(\u001b[38;5;241m*\u001b[39moutput, subok\u001b[38;5;241m=\u001b[39m\u001b[38;5;28;01mTrue\u001b[39;00m)\n\u001b[0;32m   5162\u001b[0m \u001b[38;5;28;01mif\u001b[39;00m copy:\n\u001b[1;32m-> 5163\u001b[0m     output \u001b[38;5;241m=\u001b[39m [\u001b[43mx\u001b[49m\u001b[38;5;241;43m.\u001b[39;49m\u001b[43mcopy\u001b[49m\u001b[43m(\u001b[49m\u001b[43m)\u001b[49m \u001b[38;5;28;01mfor\u001b[39;00m x \u001b[38;5;129;01min\u001b[39;00m output]\n\u001b[0;32m   5165\u001b[0m \u001b[38;5;28;01mreturn\u001b[39;00m output\n",
      "\u001b[1;31mKeyboardInterrupt\u001b[0m: "
     ]
    }
   ],
   "source": [
    "img_gray_arr = img2_gray_arr\n",
    "height = img_gray_arr.shape[0]\n",
    "width = img_gray_arr.shape[1]\n",
    "\n",
    "sum = np.array(np.zeros((N, N)))\n",
    "for i in range(0, height, N):\n",
    "    for j in range(0, width, N):\n",
    "        sum += abs(DCT_block(img_gray_arr[i : i + N, j : j + N]))\n",
    "ave = sum / (height / N * width / N)\n",
    "\n",
    "f = open('tmp.txt', 'w')\n",
    "for i in range(N):\n",
    "    for j in range(N):\n",
    "        f.write(str(ave[i, j]) + ' ')\n",
    "    f.write('\\n')\n",
    "f.close()"
   ]
  },
  {
   "cell_type": "code",
   "execution_count": 17,
   "metadata": {},
   "outputs": [
    {
     "name": "stdout",
     "output_type": "stream",
     "text": [
      "1484.6249999999998 -3.8373934689263827 -5.317115014768486 1.0896771304564226 -0.12499999999994316 0.41674247101026296 -0.09766227380694126 0.7751392319173744 \n",
      "2.2802056865210716 4.752692423584159 1.4023525324033894 -0.8555868384495025 -1.3769845310281017 -2.3986577241511675 -1.41597098170674 -0.3065665208812567 \n",
      "-11.929186173040819 12.011978492480171 0.5669417382416047 -2.74375034043395 -3.2219715424172293 0.7004516690971805 0.6919417382416011 0.18416647444496936 \n",
      "-4.111339290603723 4.131972102083495 -1.0606088515121392 -3.1738595722080447 0.8497732506178677 0.08720345912570959 -0.37233932628378863 -0.5601033092052177 \n",
      "9.875000000000085 -4.7896084331423765 3.548612283636313 2.395355598865393 -0.8749999999999893 0.262608997273329 -0.25219211015698484 0.43641623103028593 \n",
      "-0.2945677890160425 1.383326613908622 -0.5122524381717586 -1.1627965408742726 0.1167916679368064 -0.06878111491124805 0.2928216437679474 -0.2519113743996835 \n",
      "-1.6884215258441202 1.0474358827801886 0.19194173824159577 0.0862911222742131 0.3874911351935246 -0.3294074196202832 -0.3169417382415656 -0.2675436414720278 \n",
      "-0.35111405891532854 0.9434334791187275 -0.49651413464812855 -0.2174587993656525 -0.6562459372400848 0.3211898568471181 -0.2126792952914376 0.4899482635351744 \n"
     ]
    }
   ],
   "source": [
    "i0 = 480\n",
    "j0 = 40\n",
    "mat1 = DCT_block(img1_gray_arr[i0 : i0 + N, j0 : j0 + N])\n",
    "for i in range(N):\n",
    "    for j in range(N):\n",
    "        print(mat1[i, j], end = ' ')\n",
    "    print('')"
   ]
  },
  {
   "cell_type": "code",
   "execution_count": 19,
   "metadata": {},
   "outputs": [
    {
     "name": "stdout",
     "output_type": "stream",
     "text": [
      "1487.6249999999998 -6.321734102765493 -6.989946887809264 0.4574955057808978 0.12500000000005684 -0.2440689273924903 -0.21654677464276695 -0.28161348476689874 \n",
      "0.04970024577141885 6.188886551744357 -0.362072648411786 -0.3057179615476304 0.2858770085573239 0.063708246267276 0.0531518809229401 -0.5732994970271428 \n",
      "-10.37523880083603 14.255196218044318 -0.5151650429449504 0.05934514696909865 -0.06764951251827611 0.15471552215267437 0.14016504294497345 -0.007139484342935987 \n",
      "-8.056255549812676 -0.3496121243422401 -0.2265318615882297 -0.35901315290751246 0.21070889769044054 0.07099075671021549 -0.5095673755307528 -0.2380684490293561 \n",
      "12.375000000000085 0.1448096644779575 0.4899611118286522 -0.32722440580416645 0.375 0.8079155765544925 0.2029485375548159 0.1781201012814524 \n",
      "-0.06340428253562891 -0.46903833215717405 0.04505998887540308 0.3513208426001295 -0.22215256116933446 -0.249744057728563 0.29644957502237146 0.25394126625099767 \n",
      "0.10329484803250466 0.2753044420922457 0.39016504294494503 -0.25002297579511357 0.16332037060954185 -0.40536196712682404 0.015165042944950358 0.29025630897625554 \n",
      "-0.16660221678435505 0.20703058886274128 0.28958960018590396 -0.16726163686055262 0.1096555332772482 0.4013888196388873 0.07954741128580167 -0.08012934110826886 \n"
     ]
    }
   ],
   "source": [
    "img3 = Image.open('ref_jpg/c1b_ref.jpg')\n",
    "img3_gray = img3.convert('L')\n",
    "img3_gray_arr = np.array(img3_gray)\n",
    "mat3 = DCT_block(img3_gray_arr[i0 : i0 + N, j0 : j0 + N])\n",
    "for i in range(N):\n",
    "    for j in range(N):\n",
    "        print(mat3[i, j], end = ' ')\n",
    "    print('')"
   ]
  },
  {
   "cell_type": "code",
   "execution_count": 23,
   "metadata": {},
   "outputs": [
    {
     "data": {
      "text/plain": [
       "array([[ 1.48462500e+03, -3.83739347e+00, -5.31711501e+00,\n",
       "         1.08967713e+00, -1.25000000e-01,  4.16742471e-01,\n",
       "        -9.76622738e-02,  7.75139232e-01],\n",
       "       [ 2.28020569e+00,  4.75269242e+00,  1.40235253e+00,\n",
       "        -8.55586838e-01, -1.37698453e+00, -2.39865772e+00,\n",
       "        -1.41597098e+00, -3.06566521e-01],\n",
       "       [-1.19291862e+01,  1.20119785e+01,  5.66941738e-01,\n",
       "        -2.74375034e+00, -3.22197154e+00,  7.00451669e-01,\n",
       "         6.91941738e-01,  1.84166474e-01],\n",
       "       [-4.11133929e+00,  4.13197210e+00, -1.06060885e+00,\n",
       "        -3.17385957e+00,  8.49773251e-01,  8.72034591e-02,\n",
       "        -3.72339326e-01, -5.60103309e-01],\n",
       "       [ 9.87500000e+00, -4.78960843e+00,  3.54861228e+00,\n",
       "         2.39535560e+00, -8.75000000e-01,  2.62608997e-01,\n",
       "        -2.52192110e-01,  4.36416231e-01],\n",
       "       [-2.94567789e-01,  1.38332661e+00, -5.12252438e-01,\n",
       "        -1.16279654e+00,  1.16791668e-01, -6.87811149e-02,\n",
       "         2.92821644e-01, -2.51911374e-01],\n",
       "       [-1.68842153e+00,  1.04743588e+00,  1.91941738e-01,\n",
       "         8.62911223e-02,  3.87491135e-01, -3.29407420e-01,\n",
       "        -3.16941738e-01, -2.67543641e-01],\n",
       "       [-3.51114059e-01,  9.43433479e-01, -4.96514135e-01,\n",
       "        -2.17458799e-01, -6.56245937e-01,  3.21189857e-01,\n",
       "        -2.12679295e-01,  4.89948264e-01]])"
      ]
     },
     "execution_count": 23,
     "metadata": {},
     "output_type": "execute_result"
    }
   ],
   "source": [
    "DCT_block(img1_gray_arr[i0 : i0 + N, j0 : j0 + N])"
   ]
  },
  {
   "cell_type": "code",
   "execution_count": 21,
   "metadata": {},
   "outputs": [
    {
     "data": {
      "text/plain": [
       "array([[187, 184, 184, 185, 183, 179, 181, 187],\n",
       "       [187, 185, 185, 186, 184, 181, 182, 187],\n",
       "       [187, 185, 186, 188, 186, 182, 183, 188],\n",
       "       [187, 186, 187, 190, 189, 184, 184, 188],\n",
       "       [185, 185, 188, 192, 190, 186, 185, 188],\n",
       "       [183, 184, 188, 193, 191, 186, 185, 187],\n",
       "       [181, 182, 187, 193, 192, 186, 184, 186],\n",
       "       [180, 181, 187, 193, 192, 186, 183, 185]], dtype=uint8)"
      ]
     },
     "execution_count": 21,
     "metadata": {},
     "output_type": "execute_result"
    }
   ],
   "source": [
    "img3_gray_arr[i0 : i0 + N, j0 : j0 + N]"
   ]
  },
  {
   "cell_type": "code",
   "execution_count": 18,
   "metadata": {},
   "outputs": [
    {
     "name": "stdout",
     "output_type": "stream",
     "text": [
      "1469.9999999999998 -6.92506925143055 -3.7979881066803998 3.0776659750411817 -2.9999999999999467 0.44363538941512815 4.549756734322504 0.49957546999744107 \n",
      "-2.811480514116056 3.4389037903992783 -2.435815059103012 -2.0968852234482727 2.948824205144442 0.14735620546862727 -2.168206046671051 4.197588166745579 \n",
      "6.859455565600626 12.835253324881329 -0.6945436482630072 3.5112911171249745 0.02321364274455462 -0.10623594146721871 -1.176776695296641 -3.488966434851326 \n",
      "9.950684033620405 0.24877852263321465 1.268859828200494 3.0225085901161908 2.454887719347716 -1.0873290885871763 -1.834834943586162 -2.7564455506999423 \n",
      "2.0000000000000853 -1.35548555325526 -5.7906616023962485 3.270954645489674 -0.5 1.195499769540831 1.0455803204601573 -1.4694539540569647 \n",
      "5.212169073742729 -0.6148747928597231 -0.5213589704323383 0.9984573490397182 1.9988217928119854 0.623938019290553 -4.166571432336189 3.1200988661928406 \n",
      "2.8412795257672485 -2.347281905340367 0.8232233047033368 0.8638743244847529 -1.9038017561685763 2.2275786078384705 3.194543648262999 -0.15753181393326 \n",
      "2.1880946342706125 -0.716625395627549 -1.7930053616434343 -1.518676549028286 -3.795744134307493 -1.2255648798886574 1.429007382593908 0.9146496001939917 \n"
     ]
    }
   ],
   "source": [
    "mat2 = DCT_block(img2_gray_arr[i0 : i0 + N, j0 : j0 + N])\n",
    "for i in range(N):\n",
    "    for j in range(N):\n",
    "        print(mat2[i, j], end = ' ')\n",
    "    print('')"
   ]
  },
  {
   "cell_type": "code",
   "execution_count": 7,
   "metadata": {},
   "outputs": [],
   "source": [
    "from PIL import ImageFilter"
   ]
  },
  {
   "cell_type": "code",
   "execution_count": 12,
   "metadata": {},
   "outputs": [
    {
     "data": {
      "text/plain": [
       "array([[  5,   2,   2,   0,   4,   0,   5,   6,   0,   0],\n",
       "       [  0,   3,   0,   0,   0,   0,   0,   0,   0,   0],\n",
       "       [  1,   5,   0,   0,   0,   0,   0,   0, 109, 255],\n",
       "       [  1,   0,   0,   0,   0,  44, 255, 255, 255, 255],\n",
       "       [  0,   0,   0, 130, 255, 255, 255, 242,   0,   0],\n",
       "       [  0, 194, 255, 255, 255,   0,   0,   0,   0,   0],\n",
       "       [255, 255, 240,   0,   0,   0,   0,   0,  28,  49],\n",
       "       [166,   0,   0,   0,   0,   0,  18,  43,  23,   8],\n",
       "       [  0,   0,   0,   0,   0,  40,  28,  18,   6,  11],\n",
       "       [  0,   0,   0,  32,  31,  25,   9,   6,   4,   6]], dtype=uint8)"
      ]
     },
     "execution_count": 12,
     "metadata": {},
     "output_type": "execute_result"
    }
   ],
   "source": [
    "tmp_arr = np.array(img1_gray.filter(ImageFilter.FIND_EDGES))\n",
    "tmp_arr[266 : 276, 467 : 477]"
   ]
  },
  {
   "cell_type": "code",
   "execution_count": 13,
   "metadata": {},
   "outputs": [
    {
     "data": {
      "text/plain": [
       "array([[170, 168, 166, 164, 163, 161, 162, 162, 161, 160],\n",
       "       [166, 165, 162, 161, 160, 159, 159, 160, 159, 171],\n",
       "       [163, 162, 160, 159, 158, 157, 164, 193, 226, 251],\n",
       "       [160, 158, 157, 158, 176, 214, 248, 255, 255, 255],\n",
       "       [157, 157, 184, 228, 255, 255, 255, 235, 172, 150],\n",
       "       [187, 236, 255, 255, 254, 203, 168, 150, 135, 140],\n",
       "       [255, 255, 244, 186, 172, 154, 135, 144, 158, 164],\n",
       "       [237, 185, 177, 163, 139, 142, 158, 165, 168, 170],\n",
       "       [183, 172, 149, 141, 156, 165, 169, 172, 173, 175],\n",
       "       [165, 140, 150, 164, 169, 173, 174, 175, 176, 177]], dtype=uint8)"
      ]
     },
     "execution_count": 13,
     "metadata": {},
     "output_type": "execute_result"
    }
   ],
   "source": [
    "img1_gray_arr[266 : 276, 467 : 477]"
   ]
  },
  {
   "cell_type": "code",
   "execution_count": 9,
   "metadata": {},
   "outputs": [
    {
     "data": {
