{
 "cells": [
  {
   "cell_type": "code",
   "execution_count": 3,
   "metadata": {},
   "outputs": [],
   "source": [
    "# 必要ライブラリのインストール\n",
    "from PIL import Image\n",
    "import numpy as np"
   ]
  },
  {
   "cell_type": "code",
   "execution_count": 4,
   "metadata": {},
   "outputs": [],
   "source": [
    "def print_mat(A):\n",
    "    row = A.shape[0]\n",
    "    col = A.shape[1]\n",
    "    for i in range(row):\n",
    "        for j in range(col):\n",
    "            print(A[i, j], end = ' ')\n",
    "        print('')"
   ]
  },
  {
   "cell_type": "code",
   "execution_count": 5,
   "metadata": {},
   "outputs": [],
   "source": [
    "def MSE(x, y):\n",
    "    l = len(x)\n",
    "    sum = 0.0\n",
    "    for i in range(l):\n",
    "        diff = float(x[i]) - float(y[i])\n",
    "        sum += (diff * diff)\n",
    "    return sum / l"
   ]
  },
  {
   "cell_type": "code",
   "execution_count": 6,
   "metadata": {},
   "outputs": [],
   "source": [
    "def phi(k, N):\n",
    "\tif k == 0:\n",
    "\t\treturn np.ones(N) / np.sqrt(N)\n",
    "\telse:\n",
    "\t\treturn np.sqrt(2.0 / N) * np.cos((k * np.pi / (2 * N)) * (np.arange(N) * 2 + 1))\n",
    "\n",
    "def DCT_mat_reducedto1d(N):\n",
    "\tphi_1d = np.array([phi(k, N) for k in range(N)])\n",
    "\tphi_2d = np.zeros((N,N,N,N))\n",
    "\t\n",
    "\tfor i in range(N):\n",
    "\t\tfor j in range(N):\n",
    "\t\t\tphi_i, phi_j = np.meshgrid(phi_1d[i], phi_1d[j])\n",
    "\t\t\tphi_2d[i, j] = phi_i*phi_j\n",
    "\t\t\t\n",
    "\treturn phi_2d.reshape(N * N, N * N)\n",
    "\n",
    "def DCT_mat_jpg():\n",
    "\tDCT_mat = DCT_mat_reducedto1d(8)\n",
    "\tres = []\n",
    "\tfor i in range(8):\n",
    "\t\tfor j in range(8):\n",
    "\t\t\tcond = (i == 0) or (j == 0) or (i + j <= 4)\n",
    "\t\t\tif cond: res.append(DCT_mat[i * 8 + j])\n",
    "\treturn np.array(res)"
   ]
  },
  {
   "cell_type": "code",
   "execution_count": 7,
   "metadata": {},
   "outputs": [],
   "source": [
    "def DCT_mat_jpg2():\n",
    "\tres = DCT_mat_reducedto1d(8)\n",
    "\tfor i in range(8):\n",
    "\t\tfor j in range(8):\n",
    "\t\t\tcond = (i == 0) or (j == 0) or (i + j <= 4)\n",
    "\t\t\tif not cond:\n",
    "\t\t\t\tfor k in range(64): res[i * 8 + j, k] = 0.0\n",
    "\treturn res"
   ]
  },
  {
   "cell_type": "code",
   "execution_count": 8,
   "metadata": {},
   "outputs": [
    {
     "data": {
      "text/plain": [
       "array([[ 0.4764954 , -0.26750891, -0.10560206, ...,  0.03502294,\n",
       "        -0.01298841, -0.06823786],\n",
       "       [-0.26750891,  0.63840225, -0.17663707, ..., -0.01995989,\n",
       "        -0.02022651, -0.01298841],\n",
       "       [-0.10560206, -0.17663707,  0.64281523, ..., -0.05664362,\n",
       "        -0.01995989,  0.03502294],\n",
       "       ...,\n",
       "       [ 0.03502294, -0.01995989, -0.05664362, ...,  0.64281523,\n",
       "        -0.17663707, -0.10560206],\n",
       "       [-0.01298841, -0.02022651, -0.01995989, ..., -0.17663707,\n",
       "         0.63840225, -0.26750891],\n",
       "       [-0.06823786, -0.01298841,  0.03502294, ..., -0.10560206,\n",
       "        -0.26750891,  0.4764954 ]])"
      ]
     },
     "execution_count": 8,
     "metadata": {},
     "output_type": "execute_result"
    }
   ],
   "source": [
    "C0 = DCT_mat_reducedto1d(8)\n",
    "C1 = DCT_mat_jpg2()\n",
    "D = C0.T.dot(C1)\n",
    "E = D - np.eye(64)\n",
    "F = E.T.dot(E)\n",
    "F"
   ]
  },
  {
   "cell_type": "code",
   "execution_count": 9,
   "metadata": {},
   "outputs": [
    {
     "name": "stdout",
     "output_type": "stream",
     "text": [
      "0.5235045987687543 0.36159774955507135 0.3571847675530775 0.35574635864009946 0.35574635864009946 0.35718476755307726 0.3615977495550713 0.5235045987687541 \n",
      "0.3615977495550714 0.2815321583202462 0.3005036413599004 0.2944887759029624 0.2944887759029624 0.30050364135990026 0.28153215832024614 0.3615977495550711 \n",
      "0.3571847675530774 0.30050364135990043 0.28443386366331597 0.26797870698888887 0.26797870698888876 0.2844338636633158 0.3005036413599003 0.3571847675530771 \n",
      "0.3557463586400995 0.2944887759029623 0.2679787069888888 0.28552937924768335 0.28552937924768346 0.2679787069888887 0.2944887759029623 0.35574635864009924 \n",
      "0.35574635864009946 0.2944887759029623 0.2679787069888888 0.2855293792476835 0.2855293792476834 0.2679787069888887 0.29448877590296235 0.3557463586400993 \n",
      "0.35718476755307715 0.3005036413599004 0.28443386366331574 0.26797870698888876 0.26797870698888865 0.2844338636633157 0.30050364135990026 0.35718476755307693 \n",
      "0.3615977495550712 0.2815321583202461 0.3005036413599004 0.2944887759029623 0.29448877590296224 0.30050364135990026 0.28153215832024603 0.361597749555071 \n",
      "0.523504598768754 0.361597749555071 0.3571847675530771 0.35574635864009924 0.3557463586400992 0.357184767553077 0.36159774955507096 0.5235045987687539 \n"
     ]
    }
   ],
   "source": [
    "D2 = D * D\n",
    "n = np.ones(64)\n",
    "E = n.dot(D2).reshape(8, 8)\n",
    "print_mat(E)"
   ]
  },
  {
   "cell_type": "code",
   "execution_count": 12,
   "metadata": {},
   "outputs": [
    {
     "name": "stdout",
     "output_type": "stream",
     "text": [
      "-0.6666666666666664 -0.6666666666666664 -0.6666666666666664 -0.6666666666666665 -0.6666666666666665 -0.6666666666666665 -0.6666666666666665 -0.6666666666666666 -0.47619047619047594 -0.476190476190476 -0.47619047619047605 -0.47619047619047605 -0.47619047619047605 -0.4761904761904761 -0.4761904761904761 -0.47619047619047616 -0.28571428571428553 -0.28571428571428553 -0.2857142857142856 -0.2857142857142856 -0.28571428571428564 -0.28571428571428564 -0.2857142857142857 -0.2857142857142857 -0.09523809523809512 -0.09523809523809512 -0.09523809523809512 -0.09523809523809523 -0.09523809523809523 -0.09523809523809523 -0.09523809523809523 -0.09523809523809534 0.09523809523809534 0.09523809523809534 0.09523809523809534 0.09523809523809523 0.09523809523809523 0.09523809523809523 0.09523809523809523 0.09523809523809512 0.2857142857142858 0.2857142857142858 0.2857142857142858 0.2857142857142857 0.2857142857142857 0.2857142857142857 0.2857142857142857 0.2857142857142856 0.47619047619047616 0.47619047619047616 0.47619047619047616 0.47619047619047616 0.47619047619047616 0.47619047619047594 0.47619047619047594 0.47619047619047594 0.6666666666666666 0.6666666666666666 0.6666666666666666 0.6666666666666666 0.6666666666666666 0.6666666666666664 0.6666666666666664 0.6666666666666664 \n",
      "-0.6666666666666666 -0.47619047619047616 -0.28571428571428564 -0.09523809523809512 0.09523809523809534 0.2857142857142858 0.4761904761904764 0.6666666666666669 -0.6666666666666666 -0.47619047619047616 -0.28571428571428564 -0.09523809523809512 0.09523809523809534 0.2857142857142858 0.4761904761904764 0.6666666666666669 -0.6666666666666666 -0.47619047619047616 -0.2857142857142857 -0.09523809523809523 0.09523809523809534 0.2857142857142858 0.4761904761904764 0.6666666666666669 -0.6666666666666667 -0.4761904761904762 -0.2857142857142857 -0.09523809523809523 0.09523809523809523 0.2857142857142858 0.47619047619047616 0.6666666666666669 -0.6666666666666667 -0.4761904761904763 -0.28571428571428575 -0.09523809523809523 0.09523809523809523 0.2857142857142857 0.47619047619047616 0.6666666666666666 -0.6666666666666667 -0.4761904761904763 -0.28571428571428575 -0.09523809523809523 0.09523809523809523 0.2857142857142857 0.47619047619047616 0.6666666666666666 -0.6666666666666667 -0.4761904761904763 -0.2857142857142858 -0.09523809523809534 0.09523809523809523 0.2857142857142857 0.47619047619047616 0.6666666666666666 -0.6666666666666669 -0.4761904761904763 -0.2857142857142858 -0.09523809523809534 0.09523809523809512 0.2857142857142857 0.47619047619047616 0.6666666666666666 \n",
      "5.666666666666665 4.999999999999998 4.333333333333332 3.666666666666665 2.9999999999999987 2.333333333333332 1.6666666666666652 0.9999999999999991 4.999999999999999 4.333333333333332 3.6666666666666656 2.999999999999999 2.333333333333332 1.6666666666666656 0.9999999999999991 0.33333333333333215 4.333333333333332 3.666666666666666 2.999999999999999 2.3333333333333326 1.666666666666666 0.9999999999999991 0.33333333333333304 -0.3333333333333339 3.666666666666666 2.9999999999999996 2.333333333333333 1.6666666666666665 1.0 0.33333333333333304 -0.33333333333333304 -1.0 3.0 2.3333333333333335 1.666666666666667 1.0 0.33333333333333304 -0.33333333333333304 -1.0 -1.666666666666666 2.333333333333334 1.6666666666666674 1.0000000000000009 0.3333333333333339 -0.33333333333333304 -0.9999999999999991 -1.666666666666666 -2.333333333333332 1.6666666666666674 1.0000000000000009 0.3333333333333339 -0.33333333333333215 -0.9999999999999991 -1.666666666666666 -2.333333333333332 -2.999999999999999 1.0000000000000009 0.3333333333333339 -0.33333333333333215 -0.9999999999999991 -1.6666666666666652 -2.333333333333332 -2.999999999999999 -3.666666666666665 \n"
     ]
    }
   ],
   "source": [
    "G = np.zeros((64, 3))\n",
    "for i in range(64):\n",
    "    G[i, 0] = i // 8\n",
    "    G[i, 1] = i % 8\n",
    "    G[i, 2] = 1.0\n",
    "\n",
    "H = np.linalg.inv(G.T.dot(G)).dot(G.T)\n",
    "H = H * 64.0\n",
    "print_mat(H)"
   ]
  },
  {
   "cell_type": "code",
   "execution_count": 1,
   "metadata": {},
   "outputs": [
    {
     "ename": "NameError",
     "evalue": "name 'G' is not defined",
     "output_type": "error",
     "traceback": [
      "\u001b[1;31m---------------------------------------------------------------------------\u001b[0m",
      "\u001b[1;31mNameError\u001b[0m                                 Traceback (most recent call last)",
      "Cell \u001b[1;32mIn[1], line 1\u001b[0m\n\u001b[1;32m----> 1\u001b[0m \u001b[43mG\u001b[49m\n",
      "\u001b[1;31mNameError\u001b[0m: name 'G' is not defined"
     ]
    }
   ],
   "source": [
    "G"
   ]
  },
  {
   "cell_type": "code",
   "execution_count": 15,
   "metadata": {},
   "outputs": [
    {
     "name": "stdout",
     "output_type": "stream",
     "text": [
      "0.47649540123124556 -0.2675089115839755 -0.10560206237029247 -0.014730219774292078 -0.010317237772298067 -0.03291371747935492 -0.031475308566377064 -0.013947943684655417 -0.26750891158397555 -0.053256550575037476 0.04873312898942894 0.08949392812938957 0.06648652741194075 0.03418191733676442 0.032841504248844036 0.049028456042645274 -0.10560206237029242 0.048733128989428956 0.06888155057503746 0.04902845604264526 0.0026365902835481445 -0.029175361510253066 -0.025939318054213276 -0.008562983955900926 -0.014730219774292038 0.0894939281293896 0.049028456042645246 -0.0007342254018265137 -0.0386699020961393 -0.04704435388994055 -0.028978030282094294 -0.00836565272774214 -0.010317237772298047 0.06648652741194072 0.002636590283548148 -0.038669902096139276 -0.04156431805421327 -0.017564866260412097 0.010941748564923217 0.028051457922650635 -0.032913717479354926 0.03418191733676443 -0.029175361510253055 -0.04704435388994051 -0.017564866260412093 0.020719172445468725 0.036774271728019906 0.03502293762970752 -0.03147530856637707 0.032841504248844015 -0.025939318054213293 -0.028978030282094294 0.010941748564923214 0.03677427172801992 0.018823542077349396 -0.012988409716451866 -0.013947943684655384 0.04902845604264527 -0.008562983955900938 -0.008365652727742133 0.02805145792265062 0.03502293762970753 -0.012988409716451871 -0.06823786151025309 \n",
      "-0.2675089115839755 0.6384022504449287 -0.17663706898797507 -0.1011890803682985 -0.0373266994813489 -0.008878828859320148 -0.015386352597633332 -0.03147530856637704 -0.053256550575037455 -0.1655192320195093 -0.012495751435076785 0.02572572827198011 0.0571893180542133 0.06514611432402034 0.050368869130565666 0.032841504248844064 0.04873312898942894 -0.08545364078468402 0.028880034457036827 0.022489684815940297 0.01721650424884403 0.005872633739587946 -0.011799027411940739 -0.02593931805421327 0.08949392812938962 -0.05519569186103634 0.03973124668491781 0.011092779348332471 -0.009108677195627744 -0.02060357848829308 -0.026431976335588376 -0.0289780302820943 0.06648652741194078 -0.07416717490069062 0.025180035032253287 -0.0002578256745258388 -0.014670450302338104 -0.013057703228878014 -0.0004551569026846297 0.010941748564923207 0.03418191733676444 -0.09627099632637245 0.01631292495707698 0.0003041261192753686 -0.008760315184059706 -0.001509766977860935 0.018967838347156398 0.0367742717280199 0.032841504248844 -0.09025613086943438 0.029802792020962986 0.013980460792804222 -0.0031455071189975996 -0.007008981085747322 0.004962319934218711 0.01882354207734938 0.04902845604264527 -0.07153938368320155 0.04922578727080405 0.027854126694491874 -0.0013941730206852557 -0.019959889423508764 -0.0202265141640937 -0.012988409716451889 \n",
      "-0.10560206237029247 -0.17663706898797507 0.6428152324469228 -0.19923354869503196 -0.09975067145532057 -0.01979933459962738 -0.00887882885932009 -0.032913717479354954 0.04873312898942895 -0.012495751435076781 -0.18852663273695808 -0.04480036151025307 0.0243853151840597 0.07337626984801447 0.06514611432402034 0.03418191733676439 0.06888155057503743 0.028880034457036803 -0.13184550654378116 -0.0029319173367644328 0.02572572827198009 0.034592838347156395 0.005872633739587948 -0.029175361510253104 0.049028456042645274 0.03973124668491782 -0.0931313685553492 0.0313567948911166 0.029159102956178694 0.011503700358724445 -0.020603578488293094 -0.047044353889940535 0.002636590283548145 0.02518003503225329 -0.07706159085876461 0.049179486826054504 0.028248789150809438 0.0024392590553893624 -0.013057703228878033 -0.017564866260412062 -0.029175361510253066 0.01631292495707699 -0.066791508696844 0.05459696366295778 0.016359225401826518 -0.010511649282372052 -0.0015097669778609429 0.020719172445468736 -0.02593931805421331 0.029802792020962986 -0.05033635202241684 0.0556353151840597 -0.003970268857866323 -0.034957458912798826 -0.007008981085747353 0.03677427172801993 -0.008562983955900931 0.04922578727080405 -0.0351222730328088 0.056197266977860934 -0.020157220651667532 -0.05664362481448647 -0.019959889423508795 0.03502293762970755 \n",
      "-0.014730219774292078 -0.1011890803682985 -0.19923354869503196 0.6442536413599007 -0.18170618381331063 -0.09975067145532064 -0.03732669948134886 -0.010317237772298078 0.08949392812938961 0.025725728271980094 -0.044800361510253045 -0.18986704582487848 -0.028613409716451862 0.024385315184059668 0.05718931805421333 0.06648652741194071 0.04902845604264526 0.022489684815940283 -0.0029319173367644163 -0.12860946308774124 0.014444416761547934 0.025725728271980077 0.017216504248844033 0.00263659028354812 -0.000734225401826522 0.01109277934833246 0.03135679489111657 -0.07506504494750292 0.05196917244546869 0.029159102956178694 -0.00910867719562774 -0.038669902096139304 -0.03866990209613929 -0.00025782567452583324 0.04917948682605452 -0.048554976033429356 0.06628919618378193 0.028248789150809448 -0.014670450302338114 -0.04156431805421328 -0.04704435388994052 0.00030412611927537115 0.054596963662957784 -0.050736409414292846 0.052845629564645426 0.016359225401826546 -0.008760315184059732 -0.017564866260412062 -0.028978030282094305 0.013980460792804229 0.05563531518405969 -0.06828708167308739 0.023823363390258485 -0.003970268857866316 -0.003145507118997633 0.010941748564923234 -0.008365652727742144 0.027854126694491856 0.05619726697786092 -0.0831336203789682 0.0009478151840597451 -0.02015722065166754 -0.0013941730206852721 0.02805145792265064 \n",
      "-0.010317237772298067 -0.0373266994813489 -0.09975067145532057 -0.18170618381331063 0.6442536413599008 -0.19923354869503196 -0.1011890803682985 -0.014730219774292067 0.06648652741194079 0.05718931805421328 0.02438531518405968 -0.02861340971645185 -0.18986704582487837 -0.04480036151025308 0.025725728271980112 0.08949392812938958 0.0026365902835481223 0.017216504248844026 0.025725728271980098 0.014444416761547946 -0.12860946308774124 -0.0029319173367644362 0.022489684815940297 0.049028456042645274 -0.038669902096139304 -0.009108677195627739 0.029159102956178694 0.051969172445468725 -0.07506504494750292 0.03135679489111661 0.011092779348332448 -0.0007342254018265151 -0.04156431805421327 -0.014670450302338104 0.02824878915080942 0.06628919618378191 -0.048554976033429335 0.049179486826054504 -0.00025782567452584896 -0.03866990209613931 -0.017564866260412097 -0.008760315184059713 0.016359225401826508 0.052845629564645454 -0.050736409414292874 0.05459696366295783 0.0003041261192753676 -0.047044353889940514 0.010941748564923222 -0.003145507118997602 -0.0039702688578663195 0.023823363390258492 -0.0682870816730874 0.0556353151840597 0.013980460792804222 -0.028978030282094287 0.028051457922650628 -0.001394173020685254 -0.02015722065166753 0.0009478151840597368 -0.08313362037896824 0.0561972669778609 0.027854126694491894 -0.008365652727742142 \n",
      "-0.03291371747935492 -0.008878828859320148 -0.01979933459962738 -0.09975067145532064 -0.19923354869503196 0.6428152324469231 -0.17663706898797502 -0.10560206237029249 0.03418191733676442 0.06514611432402032 0.07337626984801451 0.024385315184059668 -0.044800361510253094 -0.1885266327369581 -0.012495751435076786 0.04873312898942899 -0.029175361510253097 0.005872633739587941 0.0345928383471564 0.025725728271980094 -0.002931917336764432 -0.1318455065437812 0.028880034457036772 0.06888155057503749 -0.04704435388994052 -0.020603578488293087 0.01150370035872445 0.02915910295617869 0.0313567948911166 -0.0931313685553492 0.039731246684917794 0.0490284560426452 -0.0175648662604121 -0.013057703228878023 0.0024392590553893524 0.02824878915080947 0.04917948682605452 -0.07706159085876463 0.02518003503225327 0.0026365902835481145 0.020719172445468705 -0.0015097669778609412 -0.010511649282372049 0.01635922540182656 0.05459696366295781 -0.06679150869684398 0.01631292495707697 -0.029175361510253094 0.03677427172801994 -0.0070089810857473294 -0.03495745891279884 -0.003970268857866316 0.05563531518405968 -0.05033635202241685 0.029802792020962993 -0.025939318054213335 0.03502293762970755 -0.019959889423508757 -0.05664362481448648 -0.02015722065166755 0.05619726697786092 -0.03512227303280881 0.04922578727080403 -0.00856298395590092 \n",
      "-0.031475308566377064 -0.015386352597633332 -0.00887882885932009 -0.03732669948134886 -0.1011890803682985 -0.17663706898797502 0.6384022504449285 -0.26750891158397533 0.032841504248843974 0.050368869130565645 0.06514611432402033 0.057189318054213324 0.025725728271980133 -0.01249575143507676 -0.16551923201950916 -0.05325655057503744 -0.025939318054213303 -0.011799027411940744 0.005872633739587942 0.017216504248844043 0.022489684815940287 0.028880034457036793 -0.08545364078468397 0.048733128989428935 -0.028978030282094287 -0.026431976335588372 -0.0206035784882931 -0.009108677195627751 0.011092779348332455 0.0397312466849178 -0.05519569186103633 0.0894939281293896 0.010941748564923222 -0.0004551569026846282 -0.013057703228878021 -0.014670450302338127 -0.00025782567452585384 0.025180035032253273 -0.07416717490069064 0.06648652741194075 0.03677427172801993 0.01896783834715641 -0.0015097669778609453 -0.008760315184059729 0.0003041261192753645 0.016312924957076962 -0.09627099632637244 0.03418191733676442 0.018823542077349396 0.004962319934218706 -0.0070089810857473485 -0.0031455071189976256 0.013980460792804232 0.029802792020963014 -0.09025613086943436 0.032841504248843995 -0.012988409716451871 -0.020226514164093698 -0.01995988942350879 -0.0013941730206852767 0.027854126694491877 0.049225787270804046 -0.07153938368320155 0.04902845604264526 \n",
      "-0.013947943684655417 -0.03147530856637704 -0.032913717479354954 -0.010317237772298078 -0.014730219774292067 -0.10560206237029249 -0.26750891158397533 0.47649540123124545 0.04902845604264528 0.03284150424884407 0.03418191733676442 0.06648652741194071 0.08949392812938953 0.04873312898942901 -0.053256550575037434 -0.26750891158397555 -0.008562983955900933 -0.025939318054213276 -0.029175361510253118 0.0026365902835481262 0.049028456042645246 0.06888155057503745 0.048733128989428935 -0.10560206237029243 -0.008365652727742137 -0.028978030282094298 -0.04704435388994054 -0.03866990209613929 -0.0007342254018265084 0.04902845604264522 0.08949392812938958 -0.014730219774292038 0.028051457922650624 0.0109417485649232 -0.017564866260412065 -0.04156431805421326 -0.038669902096139276 0.0026365902835481163 0.06648652741194074 -0.010317237772298062 0.03502293762970755 0.03677427172801988 0.020719172445468743 -0.017564866260412065 -0.04704435388994049 -0.02917536151025309 0.03418191733676444 -0.03291371747935493 -0.01298840971645185 0.018823542077349372 0.036774271728019926 0.010941748564923238 -0.028978030282094308 -0.025939318054213328 0.03284150424884398 -0.03147530856637704 -0.06823786151025311 -0.012988409716451895 0.03502293762970753 0.02805145792265065 -0.008365652727742128 -0.008562983955900919 0.04902845604264523 -0.013947943684655382 \n",
      "-0.26750891158397555 -0.053256550575037455 0.04873312898942895 0.08949392812938961 0.06648652741194079 0.03418191733676442 0.032841504248843974 0.04902845604264528 0.6384022504449286 -0.16551923201950913 -0.08545364078468404 -0.05519569186103639 -0.0741671749006907 -0.09627099632637244 -0.09025613086943442 -0.07153938368320156 -0.17663706898797507 -0.012495751435076802 0.028880034457036796 0.039731246684917815 0.025180035032253273 0.016312924957076987 0.029802792020962966 0.04922578727080403 -0.10118908036829849 0.0257257282719801 0.022489684815940283 0.011092779348332448 -0.00025782567452584094 0.00030412611927537294 0.013980460792804222 0.027854126694491867 -0.03732669948134892 0.05718931805421332 0.01721650424884404 -0.009108677195627737 -0.014670450302338099 -0.008760315184059711 -0.0031455071189976057 -0.0013941730206852528 -0.008878828859320143 0.0651461143240203 0.005872633739587936 -0.020603578488293077 -0.01305770322887802 -0.0015097669778609331 -0.007008981085747322 -0.019959889423508747 -0.015386352597633306 0.05036886913056564 -0.011799027411940733 -0.026431976335588366 -0.0004551569026846361 0.018967838347156388 0.004962319934218706 -0.020226514164093698 -0.03147530856637704 0.032841504248844036 -0.025939318054213293 -0.028978030282094294 0.0109417485649232 0.0367742717280199 0.018823542077349376 -0.012988409716451873 \n",
      "-0.053256550575037476 -0.1655192320195093 -0.012495751435076781 0.025725728271980094 0.05718931805421328 0.06514611432402032 0.050368869130565645 0.03284150424884407 -0.16551923201950913 0.718467841679754 -0.13526128309586166 -0.10442512382433818 -0.07729951328671818 -0.06815230944375257 -0.07755424914013974 -0.09025613086943439 -0.0124957514350768 -0.13526128309586155 -0.0016445392071957731 0.014328822804372261 0.030864136609741494 0.038669902096139304 0.035735920206917994 0.02980279202096302 0.025725728271980067 -0.10442512382433829 0.01432882280437227 0.011139079793081999 0.011654731142133666 0.013418508999003015 0.014177792020963009 0.013980460792804229 0.05718931805421329 -0.07729951328671815 0.03086413660974153 0.011654731142133666 -0.0031985420773493556 -0.009055642237276 -0.007008981085747337 -0.003145507118997616 0.06514611432402034 -0.06815230944375253 0.03866990209613931 0.013418508999003011 -0.009055642237276004 -0.01855691733676441 -0.014460675315622333 -0.007008981085747347 0.05036886913056565 -0.07755424914013972 0.035735920206917994 0.01417779202096301 -0.0070089810857473355 -0.014460675315622331 -0.006220995751155966 0.004962319934218672 0.032841504248844036 -0.09025613086943435 0.029802792020963018 0.013980460792804222 -0.003145507118997609 -0.007008981085747345 0.0049623199342186805 0.018823542077349348 \n",
      "0.04873312898942894 -0.012495751435076785 -0.18852663273695808 -0.044800361510253045 0.02438531518405968 0.07337626984801451 0.06514611432402033 0.03418191733676442 -0.08545364078468404 -0.13526128309586166 0.6994963586400994 -0.15736510452154331 -0.09841025836740017 -0.05858276610048547 -0.06815230944375247 -0.09627099632637244 0.028880034457036796 -0.0016445392071957456 -0.14981249474852612 -0.010511649282372066 0.0278186898682583 0.05028713185958251 0.03866990209613934 0.016312924957076983 0.022489684815940294 0.014328822804372261 -0.11577572884719656 0.014890774598173482 0.024815414466610845 0.025528397043821312 0.013418508999002996 0.00030412611927537435 0.017216504248844033 0.030864136609741515 -0.08286128639342855 0.03677427172801989 0.017269539207195764 -0.0014472079790369657 -0.009055642237276014 -0.008760315184059704 0.005872633739587946 0.038669902096139325 -0.060606434184337483 0.05021783834715638 0.007919294891116604 -0.022006550575037403 -0.018556917336764445 -0.0015097669778609353 -0.01179902741194074 0.035735920206917994 -0.05157742970723594 0.055158915456759036 0.00017227360802529956 -0.032197815184059696 -0.01446067531562236 0.018967838347156415 -0.02593931805421328 0.029802792020963014 -0.05033635202241683 0.05563531518405967 -0.0039702688578663195 -0.03495745891279882 -0.007008981085747365 0.0367742717280199 \n",
      "0.08949392812938957 0.02572572827198011 -0.04480036151025307 -0.18986704582487848 -0.02861340971645185 0.024385315184059668 0.057189318054213324 0.06648652741194071 -0.05519569186103639 -0.10442512382433818 -0.15736510452154331 0.7055112240970374 -0.13864835733531072 -0.09841025836740017 -0.0772995132867181 -0.07416717490069069 0.039731246684917836 0.014328822804372263 -0.010511649282372049 -0.13632262768463999 0.008911345967468946 0.02781868986825829 0.03086413660974152 0.025180035032253262 0.01109277934833245 0.01113907979308199 0.014890774598173475 -0.10209939417366778 0.02876444049986111 0.024815414466610855 0.011654731142133666 -0.00025782567452583795 -0.009108677195627739 0.011654731142133678 0.0367742717280199 -0.07724647832836647 0.03852560582633229 0.01726953920719579 -0.00319854207734937 -0.014670450302338095 -0.020603578488293087 0.013418508999003013 0.05021783834715635 -0.06610564829222385 0.03726693000939499 0.007919294891116611 -0.009055642237276023 -0.013057703228878004 -0.02643197633558835 0.014177792020963012 0.05515891545675902 -0.06558294812017366 0.02997008135844666 0.00017227360802530786 -0.007008981085747369 -0.00045515690268460314 -0.028978030282094294 0.013980460792804223 0.055635315184059696 -0.06828708167308739 0.023823363390258496 -0.003970268857866308 -0.003145507118997636 0.010941748564923226 \n",
      "0.06648652741194075 0.0571893180542133 0.0243853151840597 -0.028613409716451862 -0.18986704582487837 -0.044800361510253094 0.025725728271980133 0.08949392812938953 -0.0741671749006907 -0.07729951328671818 -0.09841025836740017 -0.13864835733531072 0.7055112240970374 -0.1573651045215432 -0.10442512382433819 -0.05519569186103641 0.025180035032253283 0.030864136609741508 0.027818689868258292 0.008911345967468943 -0.13632262768463999 -0.010511649282372063 0.014328822804372265 0.039731246684917815 -0.00025782567452581806 0.011654731142133667 0.024815414466610855 0.028764440499861127 -0.10209939417366776 0.01489077459817348 0.011139079793081989 0.011092779348332459 -0.0146704503023381 -0.0031985420773493495 0.01726953920719576 0.03852560582633228 -0.07724647832836642 0.0367742717280199 0.011654731142133666 -0.009108677195627734 -0.013057703228878025 -0.009055642237276002 0.007919294891116592 0.03726693000939498 -0.06610564829222387 0.05021783834715638 0.013418508999003 -0.020603578488293067 -0.0004551569026846292 -0.007008981085747333 0.00017227360802530466 0.02997008135844667 -0.06558294812017368 0.05515891545675902 0.014177792020963005 -0.026431976335588366 0.010941748564923198 -0.003145507118997614 -0.003970268857866314 0.023823363390258503 -0.06828708167308739 0.055635315184059675 0.013980460792804227 -0.028978030282094287 \n",
      "0.03418191733676442 0.06514611432402034 0.07337626984801447 0.024385315184059668 -0.04480036151025308 -0.1885266327369581 -0.01249575143507676 0.04873312898942901 -0.09627099632637244 -0.06815230944375257 -0.05858276610048547 -0.09841025836740017 -0.1573651045215432 0.699496358640099 -0.13526128309586147 -0.08545364078468401 0.016312924957076987 0.03866990209613931 0.05028713185958251 0.027818689868258303 -0.010511649282372058 -0.14981249474852612 -0.0016445392071957798 0.028880034457036824 0.000304126119275364 0.013418508999003011 0.025528397043821326 0.024815414466610848 0.014890774598173484 -0.11577572884719653 0.014328822804372247 0.022489684815940287 -0.00876031518405971 -0.009055642237275995 -0.0014472079790369703 0.017269539207195785 0.03677427172801989 -0.08286128639342853 0.030864136609741494 0.017216504248844015 -0.0015097669778609474 -0.018556917336764418 -0.0220065505750374 0.007919294891116625 0.05021783834715635 -0.0606064341843375 0.03866990209613931 0.005872633739587923 0.01896783834715641 -0.014460675315622335 -0.0321978151840597 0.00017227360802530515 0.05515891545675902 -0.05157742970723595 0.035735920206918 -0.011799027411940752 0.03677427172801989 -0.007008981085747342 -0.03495745891279882 -0.003970268857866316 0.05563531518405971 -0.05033635202241681 0.029802792020963025 -0.025939318054213293 \n",
      "0.032841504248844036 0.050368869130565666 0.06514611432402034 0.05718931805421333 0.025725728271980112 -0.012495751435076786 -0.16551923201950916 -0.053256550575037434 -0.09025613086943442 -0.07755424914013974 -0.06815230944375247 -0.0772995132867181 -0.10442512382433819 -0.13526128309586147 0.7184678416797539 -0.16551923201950922 0.029802792020962973 0.035735920206917966 0.03866990209613933 0.03086413660974152 0.014328822804372268 -0.001644539207195777 -0.13526128309586158 -0.012495751435076792 0.013980460792804223 0.014177792020963012 0.013418508999003004 0.01165473114213367 0.011139079793081996 0.014328822804372246 -0.10442512382433829 0.025725728271980105 -0.0031455071189976 -0.007008981085747342 -0.009055642237276016 -0.003198542077349365 0.011654731142133666 0.030864136609741504 -0.07729951328671816 0.05718931805421328 -0.007008981085747324 -0.014460675315622335 -0.018556917336764445 -0.00905564223727603 0.013418508999003003 0.038669902096139325 -0.06815230944375249 0.06514611432402036 0.0049623199342187065 -0.006220995751155972 -0.014460675315622364 -0.007008981085747365 0.014177792020963014 0.035735920206918015 -0.07755424914013966 0.05036886913056564 0.018823542077349365 0.004962319934218682 -0.007008981085747369 -0.0031455071189976404 0.013980460792804232 0.02980279202096302 -0.09025613086943435 0.03284150424884402 \n",
      "0.049028456042645274 0.032841504248844064 0.03418191733676439 0.06648652741194071 0.08949392812938958 0.04873312898942899 -0.05325655057503744 -0.26750891158397555 -0.07153938368320156 -0.09025613086943439 -0.09627099632637244 -0.07416717490069069 -0.05519569186103641 -0.08545364078468401 -0.16551923201950922 0.6384022504449285 0.04922578727080406 0.029802792020963007 0.016312924957076973 0.025180035032253256 0.03973124668491779 0.028880034457036807 -0.012495751435076785 -0.17663706898797513 0.027854126694491863 0.01398046079280424 0.00030412611927537874 -0.0002578256745258355 0.011092779348332452 0.022489684815940294 0.025725728271980112 -0.1011890803682985 -0.0013941730206852485 -0.003145507118997616 -0.0087603151840597 -0.014670450302338085 -0.009108677195627735 0.01721650424884402 0.05718931805421333 -0.03732669948134889 -0.01995988942350876 -0.007008981085747345 -0.001509766977860924 -0.013057703228878004 -0.020603578488293067 0.005872633739587912 0.06514611432402033 -0.008878828859320172 -0.020226514164093698 0.004962319934218679 0.01896783834715642 -0.00045515690268460975 -0.02643197633558836 -0.011799027411940754 0.050368869130565645 -0.015386352597633329 -0.012988409716451883 0.018823542077349355 0.03677427172801991 0.010941748564923222 -0.0289780302820943 -0.025939318054213293 0.03284150424884402 -0.031475308566377036 \n",
      "-0.10560206237029242 0.04873312898942894 0.06888155057503743 0.04902845604264526 0.0026365902835481223 -0.029175361510253097 -0.025939318054213303 -0.008562983955900933 -0.17663706898797507 -0.0124957514350768 0.028880034457036796 0.039731246684917836 0.025180035032253283 0.016312924957076987 0.029802792020962973 0.04922578727080406 0.6428152324469228 -0.18852663273695797 -0.13184550654378108 -0.09313136855534922 -0.07706159085876463 -0.06679150869684396 -0.05033635202241685 -0.035122273032808814 -0.199233548695032 -0.04480036151025311 -0.0029319173367644263 0.03135679489111659 0.04917948682605449 0.054596963662957826 0.05563531518405968 0.05619726697786096 -0.09975067145532057 0.024385315184059682 0.02572572827198008 0.029159102956178688 0.028248789150809438 0.016359225401826532 -0.003970268857866317 -0.020157220651667525 -0.019799334599627332 0.0733762698480145 0.03459283834715639 0.011503700358724443 0.002439259055389357 -0.010511649282372047 -0.03495745891279881 -0.05664362481448648 -0.008878828859320096 0.06514611432402033 0.005872633739587943 -0.020603578488293074 -0.013057703228878037 -0.0015097669778609522 -0.007008981085747353 -0.019959889423508795 -0.032913717479354954 0.03418191733676439 -0.029175361510253094 -0.047044353889940535 -0.017564866260412072 0.02071917244546875 0.036774271728019954 0.03502293762970753 \n",
      "0.048733128989428956 -0.08545364078468402 0.028880034457036803 0.022489684815940283 0.017216504248844026 0.005872633739587941 -0.011799027411940744 -0.025939318054213276 -0.012495751435076802 -0.13526128309586155 -0.0016445392071957456 0.014328822804372263 0.030864136609741508 0.03866990209613931 0.035735920206917966 0.029802792020963007 -0.18852663273695797 0.6994963586400996 -0.14981249474852618 -0.11577572884719659 -0.08286128639342853 -0.06060643418433746 -0.05157742970723597 -0.05033635202241685 -0.044800361510253114 -0.15736510452154326 -0.010511649282372072 0.014890774598173489 0.036774271728019906 0.0502178383471564 0.055158915456759036 0.055635315184059696 0.0243853151840597 -0.09841025836740022 0.027818689868258306 0.02481541446661086 0.01726953920719578 0.00791929489111661 0.0001722736080253013 -0.003970268857866316 0.0733762698480145 -0.0585827661004854 0.05028713185958253 0.02552839704382133 -0.0014472079790369778 -0.022006550575037403 -0.032197815184059723 -0.03495745891279883 0.06514611432402037 -0.06815230944375249 0.03866990209613933 0.013418508999003011 -0.009055642237276017 -0.018556917336764452 -0.014460675315622364 -0.0070089810857473745 0.03418191733676441 -0.09627099632637247 0.01631292495707698 0.0003041261192753806 -0.0087603151840597 -0.00150976697786093 0.018967838347156436 0.0367742717280199 \n",
      "0.06888155057503746 0.028880034457036827 -0.13184550654378116 -0.0029319173367644163 0.025725728271980098 0.0345928383471564 0.005872633739587942 -0.029175361510253118 0.028880034457036796 -0.0016445392071957731 -0.14981249474852612 -0.010511649282372049 0.027818689868258292 0.05028713185958251 0.03866990209613933 0.016312924957076973 -0.13184550654378108 -0.14981249474852618 0.7155661363366842 -0.13954241258660546 -0.09932057217276946 -0.06764720740382053 -0.06060643418433746 -0.06679150869684398 -0.0029319173367644124 -0.010511649282372066 -0.1395424125866054 -0.005094172445468746 0.015929126119275376 0.03733622352182111 0.050217838347156395 0.054596963662957805 0.025725728271980074 0.0278186898682583 -0.09932057217276943 0.015929126119275393 0.0044859202069180044 0.0010825874133945624 0.007919294891116598 0.016359225401826532 0.034592838347156415 0.05028713185958253 -0.06764720740382052 0.03733622352182109 0.0010825874133945548 -0.0231333738807246 -0.022006550575037438 -0.010511649282372061 0.005872633739587942 0.038669902096139325 -0.06060643418433744 0.05021783834715641 0.007919294891116582 -0.022006550575037406 -0.01855691733676447 -0.0015097669778609336 -0.029175361510253094 0.016312924957076976 -0.06679150869684397 0.05459696366295779 0.01635922540182651 -0.010511649282372058 -0.0015097669778609355 0.020719172445468777 \n",
      "0.04902845604264526 0.022489684815940297 -0.0029319173367644328 -0.12860946308774124 0.014444416761547946 0.025725728271980094 0.017216504248844043 0.0026365902835481262 0.039731246684917815 0.014328822804372261 -0.010511649282372066 -0.13632262768463999 0.008911345967468943 0.027818689868258303 0.03086413660974152 0.025180035032253256 -0.09313136855534922 -0.11577572884719659 -0.13954241258660546 0.732021293011111 -0.12432833359699749 -0.09932057217276948 -0.08286128639342852 -0.07706159085876463 0.0313567948911166 0.014890774598173475 -0.005094172445468749 -0.13850406106550342 -0.004532220651667532 0.01592912611927538 0.0367742717280199 0.049179486826054476 0.029159102956178698 0.024815414466610838 0.01592912611927539 -0.11965006643246232 -0.00025782567452582966 0.00448592020691801 0.017269539207195775 0.028248789150809438 0.011503700358724441 0.02552839704382132 0.03733622352182112 -0.0920930170342473 0.015650057620133485 0.0010825874133945557 -0.0014472079790369859 0.0024392590553893654 -0.020603578488293105 0.013418508999003006 0.050217838347156395 -0.06610564829222385 0.037266930009394995 0.0079192948911166 -0.009055642237276037 -0.013057703228878005 -0.04704435388994053 0.0003041261192753715 0.05459696366295781 -0.05073640941429285 0.05284562956464544 0.01635922540182654 -0.008760315184059727 -0.017564866260412027 \n",
      "0.0026365902835481445 0.01721650424884403 0.02572572827198009 0.014444416761547934 -0.12860946308774124 -0.002931917336764432 0.022489684815940287 0.049028456042645246 0.025180035032253273 0.030864136609741494 0.0278186898682583 0.008911345967468946 -0.13632262768463999 -0.010511649282372058 0.014328822804372268 0.03973124668491779 -0.07706159085876463 -0.08286128639342853 -0.09932057217276946 -0.12432833359699749 0.732021293011111 -0.13954241258660544 -0.1157757288471966 -0.09313136855534908 0.04917948682605451 0.03677427172801989 0.01592912611927538 -0.0045322206516675324 -0.13850406106550345 -0.005094172445468755 0.014890774598173494 0.03135679489111655 0.028248789150809424 0.017269539207195764 0.00448592020691801 -0.0002578256745258261 -0.11965006643246227 0.015929126119275366 0.02481541446661085 0.029159102956178656 0.002439259055389353 -0.0014472079790369798 0.0010825874133945557 0.015650057620133485 -0.09209301703424726 0.0373362235218211 0.025528397043821323 0.011503700358724426 -0.013057703228878038 -0.009055642237276016 0.007919294891116596 0.037266930009394995 -0.06610564829222387 0.05021783834715641 0.013418508999003011 -0.020603578488293074 -0.01756486626041207 -0.0087603151840597 0.016359225401826525 0.05284562956464543 -0.05073640941429287 0.054596963662957805 0.00030412611927536584 -0.04704435388994051 \n",
      "-0.029175361510253066 0.005872633739587946 0.034592838347156395 0.025725728271980077 -0.0029319173367644362 -0.1318455065437812 0.028880034457036793 0.06888155057503745 0.016312924957076987 0.038669902096139304 0.05028713185958251 0.02781868986825829 -0.010511649282372063 -0.14981249474852612 -0.001644539207195777 0.028880034457036807 -0.06679150869684396 -0.06060643418433746 -0.06764720740382053 -0.09932057217276948 -0.13954241258660544 0.7155661363366841 -0.1498124947485261 -0.1318455065437811 0.05459696366295779 0.05021783834715639 0.03733622352182112 0.015929126119275373 -0.005094172445468777 -0.13954241258660538 -0.01051164928237206 -0.0029319173367643924 0.01635922540182652 0.007919294891116611 0.0010825874133945622 0.004485920206918003 0.015929126119275373 -0.09932057217276946 0.027818689868258282 0.025725728271980105 -0.010511649282372058 -0.022006550575037406 -0.02313337388072459 0.0010825874133945622 0.03733622352182108 -0.06764720740382053 0.050287131859582515 0.034592838347156395 -0.001509766977860951 -0.018556917336764452 -0.022006550575037413 0.0079192948911166 0.05021783834715642 -0.06060643418433745 0.03866990209613933 0.005872633739587924 0.02071917244546875 -0.0015097669778609281 -0.010511649282372063 0.016359225401826518 0.05459696366295782 -0.06679150869684397 0.016312924957076955 -0.029175361510253118 \n",
