0.12499999999999997 0.12499999999999997 0.12499999999999997 0.12499999999999997 0.12499999999999997 0.12499999999999997 0.12499999999999997 0.12499999999999997 0.12499999999999997 0.12499999999999997 0.12499999999999997 0.12499999999999997 0.12499999999999997 0.12499999999999997 0.12499999999999997 0.12499999999999997 0.12499999999999997 0.12499999999999997 0.12499999999999997 0.12499999999999997 0.12499999999999997 0.12499999999999997 0.12499999999999997 0.12499999999999997 0.12499999999999997 0.12499999999999997 0.12499999999999997 0.12499999999999997 0.12499999999999997 0.12499999999999997 0.12499999999999997 0.12499999999999997 0.12499999999999997 0.12499999999999997 0.12499999999999997 0.12499999999999997 0.12499999999999997 0.12499999999999997 0.12499999999999997 0.12499999999999997 0.12499999999999997 0.12499999999999997 0.12499999999999997 0.12499999999999997 0.12499999999999997 0.12499999999999997 0.12499999999999997 0.12499999999999997 0.12499999999999997 0.12499999999999997 0.12499999999999997 0.12499999999999997 0.12499999999999997 0.12499999999999997 0.12499999999999997 0.12499999999999997 0.12499999999999997 0.12499999999999997 0.12499999999999997 0.12499999999999997 0.12499999999999997 0.12499999999999997 0.12499999999999997 0.12499999999999997 
0.1733799806652684 0.1733799806652684 0.1733799806652684 0.1733799806652684 0.1733799806652684 0.1733799806652684 0.1733799806652684 0.1733799806652684 0.14698445030241983 0.14698445030241983 0.14698445030241983 0.14698445030241983 0.14698445030241983 0.14698445030241983 0.14698445030241983 0.14698445030241983 0.09821186979838778 0.09821186979838778 0.09821186979838778 0.09821186979838778 0.09821186979838778 0.09821186979838778 0.09821186979838778 0.09821186979838778 0.03448742241036788 0.03448742241036788 0.03448742241036788 0.03448742241036788 0.03448742241036788 0.03448742241036788 0.03448742241036788 0.03448742241036788 -0.03448742241036786 -0.03448742241036786 -0.03448742241036786 -0.03448742241036786 -0.03448742241036786 -0.03448742241036786 -0.03448742241036786 -0.03448742241036786 -0.09821186979838771 -0.09821186979838771 -0.09821186979838771 -0.09821186979838771 -0.09821186979838771 -0.09821186979838771 -0.09821186979838771 -0.09821186979838771 -0.14698445030241986 -0.14698445030241986 -0.14698445030241986 -0.14698445030241986 -0.14698445030241986 -0.14698445030241986 -0.14698445030241986 -0.14698445030241986 -0.1733799806652684 -0.1733799806652684 -0.1733799806652684 -0.1733799806652684 -0.1733799806652684 -0.1733799806652684 -0.1733799806652684 -0.1733799806652684 
0.16332037060954704 0.16332037060954704 0.16332037060954704 0.16332037060954704 0.16332037060954704 0.16332037060954704 0.16332037060954704 0.16332037060954704 0.06764951251827463 0.06764951251827463 0.06764951251827463 0.06764951251827463 0.06764951251827463 0.06764951251827463 0.06764951251827463 0.06764951251827463 -0.06764951251827461 -0.06764951251827461 -0.06764951251827461 -0.06764951251827461 -0.06764951251827461 -0.06764951251827461 -0.06764951251827461 -0.06764951251827461 -0.16332037060954704 -0.16332037060954704 -0.16332037060954704 -0.16332037060954704 -0.16332037060954704 -0.16332037060954704 -0.16332037060954704 -0.16332037060954704 -0.16332037060954707 -0.16332037060954707 -0.16332037060954707 -0.16332037060954707 -0.16332037060954707 -0.16332037060954707 -0.16332037060954707 -0.16332037060954707 -0.06764951251827472 -0.06764951251827472 -0.06764951251827472 -0.06764951251827472 -0.06764951251827472 -0.06764951251827472 -0.06764951251827472 -0.06764951251827472 0.06764951251827465 0.06764951251827465 0.06764951251827465 0.06764951251827465 0.06764951251827465 0.06764951251827465 0.06764951251827465 0.06764951251827465 0.16332037060954702 0.16332037060954702 0.16332037060954702 0.16332037060954702 0.16332037060954702 0.16332037060954702 0.16332037060954702 0.16332037060954702 
0.14698445030241983 0.14698445030241983 0.14698445030241983 0.14698445030241983 0.14698445030241983 0.14698445030241983 0.14698445030241983 0.14698445030241983 -0.03448742241036786 -0.03448742241036786 -0.03448742241036786 -0.03448742241036786 -0.03448742241036786 -0.03448742241036786 -0.03448742241036786 -0.03448742241036786 -0.1733799806652684 -0.1733799806652684 -0.1733799806652684 -0.1733799806652684 -0.1733799806652684 -0.1733799806652684 -0.1733799806652684 -0.1733799806652684 -0.09821186979838775 -0.09821186979838775 -0.09821186979838775 -0.09821186979838775 -0.09821186979838775 -0.09821186979838775 -0.09821186979838775 -0.09821186979838775 0.0982118697983877 0.0982118697983877 0.0982118697983877 0.0982118697983877 0.0982118697983877 0.0982118697983877 0.0982118697983877 0.0982118697983877 0.1733799806652684 0.1733799806652684 0.1733799806652684 0.1733799806652684 0.1733799806652684 0.1733799806652684 0.1733799806652684 0.1733799806652684 0.034487422410367966 0.034487422410367966 0.034487422410367966 0.034487422410367966 0.034487422410367966 0.034487422410367966 0.034487422410367966 0.034487422410367966 -0.1469844503024198 -0.1469844503024198 -0.1469844503024198 -0.1469844503024198 -0.1469844503024198 -0.1469844503024198 -0.1469844503024198 -0.1469844503024198 
0.125 0.125 0.125 0.125 0.125 0.125 0.125 0.125 -0.12499999999999997 -0.12499999999999997 -0.12499999999999997 -0.12499999999999997 -0.12499999999999997 -0.12499999999999997 -0.12499999999999997 -0.12499999999999997 -0.12500000000000003 -0.12500000000000003 -0.12500000000000003 -0.12500000000000003 -0.12500000000000003 -0.12500000000000003 -0.12500000000000003 -0.12500000000000003 0.12499999999999996 0.12499999999999996 0.12499999999999996 0.12499999999999996 0.12499999999999996 0.12499999999999996 0.12499999999999996 0.12499999999999996 0.12500000000000003 0.12500000000000003 0.12500000000000003 0.12500000000000003 0.12500000000000003 0.12500000000000003 0.12500000000000003 0.12500000000000003 -0.12499999999999985 -0.12499999999999985 -0.12499999999999985 -0.12499999999999985 -0.12499999999999985 -0.12499999999999985 -0.12499999999999985 -0.12499999999999985 -0.12499999999999992 -0.12499999999999992 -0.12499999999999992 -0.12499999999999992 -0.12499999999999992 -0.12499999999999992 -0.12499999999999992 -0.12499999999999992 0.12499999999999982 0.12499999999999982 0.12499999999999982 0.12499999999999982 0.12499999999999982 0.12499999999999982 0.12499999999999982 0.12499999999999982 
0.09821186979838778 0.09821186979838778 0.09821186979838778 0.09821186979838778 0.09821186979838778 0.09821186979838778 0.09821186979838778 0.09821186979838778 -0.1733799806652684 -0.1733799806652684 -0.1733799806652684 -0.1733799806652684 -0.1733799806652684 -0.1733799806652684 -0.1733799806652684 -0.1733799806652684 0.03448742241036788 0.03448742241036788 0.03448742241036788 0.03448742241036788 0.03448742241036788 0.03448742241036788 0.03448742241036788 0.03448742241036788 0.14698445030241988 0.14698445030241988 0.14698445030241988 0.14698445030241988 0.14698445030241988 0.14698445030241988 0.14698445030241988 0.14698445030241988 -0.1469844503024198 -0.1469844503024198 -0.1469844503024198 -0.1469844503024198 -0.1469844503024198 -0.1469844503024198 -0.1469844503024198 -0.1469844503024198 -0.034487422410367834 -0.034487422410367834 -0.034487422410367834 -0.034487422410367834 -0.034487422410367834 -0.034487422410367834 -0.034487422410367834 -0.034487422410367834 0.17337998066526844 0.17337998066526844 0.17337998066526844 0.17337998066526844 0.17337998066526844 0.17337998066526844 0.17337998066526844 0.17337998066526844 -0.09821186979838764 -0.09821186979838764 -0.09821186979838764 -0.09821186979838764 -0.09821186979838764 -0.09821186979838764 -0.09821186979838764 -0.09821186979838764 
0.06764951251827463 0.06764951251827463 0.06764951251827463 0.06764951251827463 0.06764951251827463 0.06764951251827463 0.06764951251827463 0.06764951251827463 -0.16332037060954707 -0.16332037060954707 -0.16332037060954707 -0.16332037060954707 -0.16332037060954707 -0.16332037060954707 -0.16332037060954707 -0.16332037060954707 0.16332037060954702 0.16332037060954702 0.16332037060954702 0.16332037060954702 0.16332037060954702 0.16332037060954702 0.16332037060954702 0.16332037060954702 -0.06764951251827464 -0.06764951251827464 -0.06764951251827464 -0.06764951251827464 -0.06764951251827464 -0.06764951251827464 -0.06764951251827464 -0.06764951251827464 -0.06764951251827475 -0.06764951251827475 -0.06764951251827475 -0.06764951251827475 -0.06764951251827475 -0.06764951251827475 -0.06764951251827475 -0.06764951251827475 0.16332037060954704 0.16332037060954704 0.16332037060954704 0.16332037060954704 0.16332037060954704 0.16332037060954704 0.16332037060954704 0.16332037060954704 -0.163320370609547 -0.163320370609547 -0.163320370609547 -0.163320370609547 -0.163320370609547 -0.163320370609547 -0.163320370609547 -0.163320370609547 0.06764951251827458 0.06764951251827458 0.06764951251827458 0.06764951251827458 0.06764951251827458 0.06764951251827458 0.06764951251827458 0.06764951251827458 
0.03448742241036788 0.03448742241036788 0.03448742241036788 0.03448742241036788 0.03448742241036788 0.03448742241036788 0.03448742241036788 0.03448742241036788 -0.09821186979838775 -0.09821186979838775 -0.09821186979838775 -0.09821186979838775 -0.09821186979838775 -0.09821186979838775 -0.09821186979838775 -0.09821186979838775 0.14698445030241988 0.14698445030241988 0.14698445030241988 0.14698445030241988 0.14698445030241988 0.14698445030241988 0.14698445030241988 0.14698445030241988 -0.17337998066526844 -0.17337998066526844 -0.17337998066526844 -0.17337998066526844 -0.17337998066526844 -0.17337998066526844 -0.17337998066526844 -0.17337998066526844 0.17337998066526844 0.17337998066526844 0.17337998066526844 0.17337998066526844 0.17337998066526844 0.17337998066526844 0.17337998066526844 0.17337998066526844 -0.1469844503024198 -0.1469844503024198 -0.1469844503024198 -0.1469844503024198 -0.1469844503024198 -0.1469844503024198 -0.1469844503024198 -0.1469844503024198 0.09821186979838764 0.09821186979838764 0.09821186979838764 0.09821186979838764 0.09821186979838764 0.09821186979838764 0.09821186979838764 0.09821186979838764 -0.03448742241036793 -0.03448742241036793 -0.03448742241036793 -0.03448742241036793 -0.03448742241036793 -0.03448742241036793 -0.03448742241036793 -0.03448742241036793 
0.1733799806652684 0.14698445030241983 0.09821186979838778 0.03448742241036788 -0.03448742241036786 -0.09821186979838771 -0.14698445030241986 -0.1733799806652684 0.1733799806652684 0.14698445030241983 0.09821186979838778 0.03448742241036788 -0.03448742241036786 -0.09821186979838771 -0.14698445030241986 -0.1733799806652684 0.1733799806652684 0.14698445030241983 0.09821186979838778 0.03448742241036788 -0.03448742241036786 -0.09821186979838771 -0.14698445030241986 -0.1733799806652684 0.1733799806652684 0.14698445030241983 0.09821186979838778 0.03448742241036788 -0.03448742241036786 -0.09821186979838771 -0.14698445030241986 -0.1733799806652684 0.1733799806652684 0.14698445030241983 0.09821186979838778 0.03448742241036788 -0.03448742241036786 -0.09821186979838771 -0.14698445030241986 -0.1733799806652684 0.1733799806652684 0.14698445030241983 0.09821186979838778 0.03448742241036788 -0.03448742241036786 -0.09821186979838771 -0.14698445030241986 -0.1733799806652684 0.1733799806652684 0.14698445030241983 0.09821186979838778 0.03448742241036788 -0.03448742241036786 -0.09821186979838771 -0.14698445030241986 -0.1733799806652684 0.1733799806652684 0.14698445030241983 0.09821186979838778 0.03448742241036788 -0.03448742241036786 -0.09821186979838771 -0.14698445030241986 -0.1733799806652684 
0.24048494156391084 0.20387328921222928 0.13622377669395466 0.04783542904563624 -0.0478354290456362 -0.1362237766939546 -0.2038732892122293 -0.24048494156391084 0.20387328921222928 0.17283542904563623 0.11548494156391086 0.04055291860268223 -0.0405529186026822 -0.11548494156391079 -0.17283542904563626 -0.20387328921222928 0.13622377669395466 0.11548494156391086 0.0771645709543638 0.027096593915592417 -0.027096593915592396 -0.07716457095436376 -0.11548494156391087 -0.13622377669395466 0.04783542904563624 0.04055291860268223 0.027096593915592417 0.009515058436089161 -0.009515058436089154 -0.0270965939155924 -0.04055291860268224 -0.04783542904563624 -0.0478354290456362 -0.0405529186026822 -0.027096593915592396 -0.009515058436089154 0.009515058436089147 0.027096593915592382 0.04055291860268221 0.0478354290456362 -0.1362237766939546 -0.11548494156391079 -0.07716457095436376 -0.0270965939155924 0.027096593915592382 0.0771645709543637 0.1154849415639108 0.1362237766939546 -0.2038732892122293 -0.17283542904563626 -0.11548494156391087 -0.04055291860268224 0.04055291860268221 0.1154849415639108 0.17283542904563626 0.2038732892122293 -0.24048494156391084 -0.20387328921222928 -0.13622377669395466 -0.04783542904563624 0.0478354290456362 0.1362237766939546 0.2038732892122293 0.24048494156391084 
0.22653186158822194 0.19204443917785408 0.1283199917898342 0.045059988875434255 -0.04505998887543423 -0.12831999178983414 -0.1920444391778541 -0.22653186158822194 0.09383256937946632 0.07954741128580213 0.053151880922953545 0.01866445851258566 -0.018664458512585646 -0.05315188092295351 -0.07954741128580214 -0.09383256937946632 -0.0938325693794663 -0.07954741128580212 -0.053151880922953525 -0.018664458512585656 0.018664458512585642 0.0531518809229535 0.07954741128580212 0.0938325693794663 -0.22653186158822194 -0.19204443917785408 -0.1283199917898342 -0.045059988875434255 0.04505998887543423 0.12831999178983414 0.1920444391778541 0.22653186158822194 -0.22653186158822197 -0.1920444391778541 -0.12831999178983422 -0.04505998887543426 0.045059988875434234 0.12831999178983414 0.19204443917785413 0.22653186158822197 -0.09383256937946645 -0.07954741128580224 -0.053151880922953615 -0.018664458512585684 0.01866445851258567 0.05315188092295358 0.07954741128580226 0.09383256937946645 0.09383256937946637 0.07954741128580217 0.053151880922953566 0.01866445851258567 -0.018664458512585656 -0.05315188092295353 -0.07954741128580219 -0.09383256937946637 0.2265318615882219 0.19204443917785402 0.12831999178983416 0.04505998887543425 -0.04505998887543421 -0.12831999178983408 -0.19204443917785405 -0.2265318615882219 
0.20387328921222928 0.17283542904563623 0.11548494156391086 0.04055291860268223 -0.0405529186026822 -0.11548494156391079 -0.17283542904563626 -0.20387328921222928 -0.0478354290456362 -0.0405529186026822 -0.027096593915592396 -0.009515058436089154 0.009515058436089147 0.027096593915592382 0.04055291860268221 0.0478354290456362 -0.24048494156391084 -0.20387328921222928 -0.13622377669395466 -0.04783542904563624 0.0478354290456362 0.1362237766939546 0.2038732892122293 0.24048494156391084 -0.13622377669395463 -0.11548494156391083 -0.07716457095436378 -0.02709659391559241 0.027096593915592392 0.07716457095436373 0.11548494156391086 0.13622377669395463 0.13622377669395458 0.11548494156391076 0.07716457095436373 0.027096593915592396 -0.027096593915592375 -0.07716457095436369 -0.11548494156391079 -0.13622377669395458 0.24048494156391084 0.20387328921222928 0.13622377669395466 0.04783542904563624 -0.0478354290456362 -0.1362237766939546 -0.2038732892122293 -0.24048494156391084 0.04783542904563635 0.04055291860268233 0.02709659391559248 0.009515058436089184 -0.009515058436089177 -0.02709659391559246 -0.04055291860268233 -0.04783542904563635 -0.20387328921222925 -0.1728354290456362 -0.11548494156391084 -0.040552918602682224 0.040552918602682196 0.11548494156391077 0.17283542904563623 0.20387328921222925 
0.17337998066526844 0.14698445030241986 0.0982118697983878 0.03448742241036789 -0.03448742241036787 -0.09821186979838774 -0.14698445030241986 -0.17337998066526844 -0.1733799806652684 -0.14698445030241983 -0.09821186979838778 -0.03448742241036788 0.03448742241036786 0.09821186979838771 0.14698445030241986 0.1733799806652684 -0.17337998066526847 -0.14698445030241988 -0.09821186979838781 -0.034487422410367896 0.03448742241036787 0.09821186979838775 0.14698445030241988 0.17337998066526847 0.17337998066526839 0.1469844503024198 0.09821186979838777 0.03448742241036788 -0.034487422410367854 -0.0982118697983877 -0.14698445030241983 -0.17337998066526839 0.17337998066526847 0.14698445030241988 0.09821186979838781 0.034487422410367896 -0.03448742241036787 -0.09821186979838775 -0.14698445030241988 -0.17337998066526847 -0.17337998066526822 -0.14698445030241966 -0.09821186979838767 -0.03448742241036785 0.03448742241036782 0.09821186979838761 0.1469844503024197 0.17337998066526822 -0.17337998066526833 -0.14698445030241974 -0.09821186979838772 -0.03448742241036787 0.03448742241036784 0.09821186979838767 0.14698445030241977 0.17337998066526833 0.1733799806652682 0.14698445030241963 0.09821186979838765 0.03448742241036784 -0.03448742241036782 -0.0982118697983876 -0.14698445030241966 -0.1733799806652682 
0.13622377669395466 0.11548494156391086 0.0771645709543638 0.027096593915592417 -0.027096593915592396 -0.07716457095436376 -0.11548494156391087 -0.13622377669395466 -0.24048494156391084 -0.20387328921222928 -0.13622377669395466 -0.04783542904563624 0.0478354290456362 0.1362237766939546 0.2038732892122293 0.24048494156391084 0.04783542904563623 0.040552918602682224 0.027096593915592413 0.009515058436089161 -0.009515058436089154 -0.027096593915592396 -0.04055291860268223 -0.04783542904563623 0.20387328921222936 0.17283542904563629 0.1154849415639109 0.04055291860268225 -0.04055291860268222 -0.11548494156391083 -0.1728354290456363 -0.20387328921222936 -0.20387328921222925 -0.1728354290456362 -0.11548494156391084 -0.040552918602682224 0.040552918602682196 0.11548494156391077 0.17283542904563623 0.20387328921222925 -0.04783542904563616 -0.04055291860268217 -0.027096593915592375 -0.009515058436089147 0.00951505843608914 0.027096593915592358 0.040552918602682175 0.04783542904563616 0.2404849415639109 0.20387328921222933 0.13622377669395472 0.047835429045636244 -0.047835429045636216 -0.13622377669395463 -0.20387328921222936 -0.2404849415639109 -0.1362237766939545 -0.11548494156391069 -0.07716457095436369 -0.02709659391559238 0.027096593915592358 0.07716457095436365 0.11548494156391072 0.1362237766939545 
0.09383256937946632 0.07954741128580213 0.053151880922953545 0.01866445851258566 -0.018664458512585646 -0.05315188092295351 -0.07954741128580214 -0.09383256937946632 -0.22653186158822197 -0.1920444391778541 -0.12831999178983422 -0.04505998887543426 0.045059988875434234 0.12831999178983414 0.19204443917785413 0.22653186158822197 0.2265318615882219 0.19204443917785402 0.12831999178983416 0.04505998887543425 -0.04505998887543421 -0.12831999178983408 -0.19204443917785405 -0.2265318615882219 -0.09383256937946634 -0.07954741128580214 -0.05315188092295355 -0.018664458512585663 0.01866445851258565 0.05315188092295352 0.07954741128580216 0.09383256937946634 -0.0938325693794665 -0.07954741128580228 -0.05315188092295364 -0.018664458512585694 0.018664458512585684 0.053151880922953615 0.0795474112858023 0.0938325693794665 0.22653186158822194 0.19204443917785408 0.1283199917898342 0.045059988875434255 -0.04505998887543423 -0.12831999178983414 -0.1920444391778541 -0.22653186158822194 -0.22653186158822186 -0.19204443917785402 -0.12831999178983416 -0.04505998887543424 0.04505998887543421 0.12831999178983408 0.19204443917785405 0.22653186158822186 0.09383256937946625 0.07954741128580207 0.053151880922953504 0.018664458512585646 -0.018664458512585635 -0.053151880922953476 -0.07954741128580209 -0.09383256937946625 
0.04783542904563624 0.04055291860268223 0.027096593915592417 0.009515058436089161 -0.009515058436089154 -0.0270965939155924 -0.04055291860268224 -0.04783542904563624 -0.13622377669395463 -0.11548494156391083 -0.07716457095436378 -0.02709659391559241 0.027096593915592392 0.07716457095436373 0.11548494156391086 0.13622377669395463 0.20387328921222936 0.17283542904563629 0.1154849415639109 0.04055291860268225 -0.04055291860268222 -0.11548494156391083 -0.1728354290456363 -0.20387328921222936 -0.2404849415639109 -0.20387328921222933 -0.13622377669395472 -0.047835429045636244 0.047835429045636216 0.13622377669395463 0.20387328921222936 0.2404849415639109 0.24048494156391087 0.2038732892122293 0.1362237766939547 0.047835429045636244 -0.04783542904563621 -0.1362237766939546 -0.20387328921222933 -0.24048494156391087 -0.20387328921222922 -0.17283542904563617 -0.11548494156391083 -0.040552918602682224 0.04055291860268219 0.11548494156391076 0.1728354290456362 0.20387328921222922 0.1362237766939545 0.11548494156391069 0.07716457095436369 0.02709659391559238 -0.027096593915592358 -0.07716457095436365 -0.11548494156391072 -0.1362237766939545 -0.0478354290456363 -0.040552918602682286 -0.02709659391559245 -0.009515058436089173 0.009515058436089166 0.027096593915592434 0.040552918602682286 0.0478354290456363 
0.16332037060954704 0.06764951251827463 -0.06764951251827461 -0.16332037060954704 -0.16332037060954707 -0.06764951251827472 0.06764951251827465 0.16332037060954702 0.16332037060954704 0.06764951251827463 -0.06764951251827461 -0.16332037060954704 -0.16332037060954707 -0.06764951251827472 0.06764951251827465 0.16332037060954702 0.16332037060954704 0.06764951251827463 -0.06764951251827461 -0.16332037060954704 -0.16332037060954707 -0.06764951251827472 0.06764951251827465 0.16332037060954702 0.16332037060954704 0.06764951251827463 -0.06764951251827461 -0.16332037060954704 -0.16332037060954707 -0.06764951251827472 0.06764951251827465 0.16332037060954702 0.16332037060954704 0.06764951251827463 -0.06764951251827461 -0.16332037060954704 -0.16332037060954707 -0.06764951251827472 0.06764951251827465 0.16332037060954702 0.16332037060954704 0.06764951251827463 -0.06764951251827461 -0.16332037060954704 -0.16332037060954707 -0.06764951251827472 0.06764951251827465 0.16332037060954702 0.16332037060954704 0.06764951251827463 -0.06764951251827461 -0.16332037060954704 -0.16332037060954707 -0.06764951251827472 0.06764951251827465 0.16332037060954702 0.16332037060954704 0.06764951251827463 -0.06764951251827461 -0.16332037060954704 -0.16332037060954707 -0.06764951251827472 0.06764951251827465 0.16332037060954702 
0.22653186158822194 0.09383256937946632 -0.0938325693794663 -0.22653186158822194 -0.22653186158822197 -0.09383256937946645 0.09383256937946637 0.2265318615882219 0.19204443917785408 0.07954741128580213 -0.07954741128580212 -0.19204443917785408 -0.1920444391778541 -0.07954741128580224 0.07954741128580217 0.19204443917785402 0.1283199917898342 0.053151880922953545 -0.053151880922953525 -0.1283199917898342 -0.12831999178983422 -0.053151880922953615 0.053151880922953566 0.12831999178983416 0.045059988875434255 0.01866445851258566 -0.018664458512585656 -0.045059988875434255 -0.04505998887543426 -0.018664458512585684 0.01866445851258567 0.04505998887543425 -0.04505998887543423 -0.018664458512585646 0.018664458512585642 0.04505998887543423 0.045059988875434234 0.01866445851258567 -0.018664458512585656 -0.04505998887543421 -0.12831999178983414 -0.05315188092295351 0.0531518809229535 0.12831999178983414 0.12831999178983414 0.05315188092295358 -0.05315188092295353 -0.12831999178983408 -0.1920444391778541 -0.07954741128580214 0.07954741128580212 0.1920444391778541 0.19204443917785413 0.07954741128580226 -0.07954741128580219 -0.19204443917785405 -0.22653186158822194 -0.09383256937946632 0.0938325693794663 0.22653186158822194 0.22653186158822197 0.09383256937946645 -0.09383256937946637 -0.2265318615882219 
0.21338834764831843 0.08838834764831846 -0.08838834764831843 -0.21338834764831843 -0.21338834764831846 -0.08838834764831857 0.08838834764831849 0.21338834764831838 0.08838834764831846 0.036611652351681574 -0.03661165235168156 -0.08838834764831846 -0.08838834764831846 -0.03661165235168162 0.03661165235168159 0.08838834764831843 -0.08838834764831843 -0.03661165235168156 0.03661165235168155 0.08838834764831843 0.08838834764831843 0.03661165235168161 -0.036611652351681574 -0.0883883476483184 -0.21338834764831843 -0.08838834764831846 0.08838834764831843 0.21338834764831843 0.21338834764831846 0.08838834764831857 -0.08838834764831849 -0.21338834764831838 -0.21338834764831846 -0.08838834764831846 0.08838834764831843 0.21338834764831846 0.2133883476483185 0.08838834764831859 -0.0883883476483185 -0.2133883476483184 -0.08838834764831857 -0.03661165235168162 0.03661165235168161 0.08838834764831857 0.08838834764831859 0.036611652351681664 -0.03661165235168164 -0.08838834764831854 0.08838834764831849 0.03661165235168159 -0.036611652351681574 -0.08838834764831849 -0.0883883476483185 -0.03661165235168164 0.0366116523516816 0.08838834764831847 0.21338834764831838 0.08838834764831843 -0.0883883476483184 -0.21338834764831838 -0.2133883476483184 -0.08838834764831854 0.08838834764831847 0.21338834764831832 
0.19204443917785408 0.07954741128580213 -0.07954741128580212 -0.19204443917785408 -0.1920444391778541 -0.07954741128580224 0.07954741128580217 0.19204443917785402 -0.04505998887543423 -0.018664458512585646 0.018664458512585642 0.04505998887543423 0.045059988875434234 0.01866445851258567 -0.018664458512585656 -0.04505998887543421 -0.22653186158822194 -0.09383256937946632 0.0938325693794663 0.22653186158822194 0.22653186158822197 0.09383256937946645 -0.09383256937946637 -0.2265318615882219 -0.12831999178983416 -0.05315188092295353 0.05315188092295352 0.12831999178983416 0.1283199917898342 0.0531518809229536 -0.05315188092295355 -0.12831999178983414 0.1283199917898341 0.053151880922953504 -0.05315188092295348 -0.1283199917898341 -0.1283199917898341 -0.05315188092295357 0.053151880922953525 0.12831999178983405 0.22653186158822194 0.09383256937946632 -0.0938325693794663 -0.22653186158822194 -0.22653186158822197 -0.09383256937946645 0.09383256937946637 0.2265318615882219 0.04505998887543436 0.018664458512585705 -0.018664458512585698 -0.04505998887543436 -0.045059988875434366 -0.01866445851258573 0.018664458512585712 0.04505998887543435 -0.19204443917785405 -0.07954741128580213 0.0795474112858021 0.19204443917785405 0.19204443917785408 0.07954741128580223 -0.07954741128580216 -0.19204443917785402 
0.16332037060954707 0.06764951251827464 -0.06764951251827463 -0.16332037060954707 -0.1633203706095471 -0.06764951251827472 0.06764951251827467 0.16332037060954704 -0.16332037060954704 -0.06764951251827463 0.06764951251827461 0.16332037060954704 0.16332037060954707 0.06764951251827472 -0.06764951251827465 -0.16332037060954702 -0.1633203706095471 -0.06764951251827465 0.06764951251827463 0.1633203706095471 0.16332037060954713 0.06764951251827474 -0.06764951251827468 -0.16332037060954707 0.16332037060954702 0.06764951251827461 -0.0676495125182746 -0.16332037060954702 -0.16332037060954704 -0.06764951251827471 0.06764951251827465 0.163320370609547 0.1633203706095471 0.06764951251827465 -0.06764951251827463 -0.1633203706095471 -0.16332037060954713 -0.06764951251827474 0.06764951251827468 0.16332037060954707 -0.16332037060954688 -0.06764951251827456 0.06764951251827453 0.16332037060954688 0.16332037060954688 0.06764951251827464 -0.06764951251827458 -0.16332037060954682 -0.16332037060954696 -0.0676495125182746 0.06764951251827457 0.16332037060954696 0.163320370609547 0.06764951251827468 -0.06764951251827463 -0.16332037060954693 0.16332037060954685 0.06764951251827454 -0.06764951251827453 -0.16332037060954685 -0.16332037060954685 -0.06764951251827463 0.06764951251827457 0.1633203706095468 
0.1283199917898342 0.053151880922953545 -0.053151880922953525 -0.1283199917898342 -0.12831999178983422 -0.053151880922953615 0.053151880922953566 0.12831999178983416 -0.22653186158822194 -0.09383256937946632 0.0938325693794663 0.22653186158822194 0.22653186158822197 0.09383256937946645 -0.09383256937946637 -0.2265318615882219 0.045059988875434255 0.01866445851258566 -0.018664458512585653 -0.045059988875434255 -0.045059988875434255 -0.018664458512585684 0.018664458512585667 0.04505998887543424 0.19204443917785416 0.07954741128580217 -0.07954741128580214 -0.19204443917785416 -0.1920444391778542 -0.07954741128580227 0.0795474112858022 0.1920444391778541 -0.19204443917785405 -0.07954741128580213 0.0795474112858021 0.19204443917785405 0.19204443917785408 0.07954741128580223 -0.07954741128580216 -0.19204443917785402 -0.045059988875434186 -0.018664458512585632 0.018664458512585625 0.045059988875434186 0.04505998887543419 0.018664458512585656 -0.01866445851258564 -0.04505998887543418 0.226531861588222 0.09383256937946635 -0.09383256937946632 -0.226531861588222 -0.22653186158822203 -0.09383256937946646 0.0938325693794664 0.22653186158822194 -0.12831999178983403 -0.05315188092295347 0.053151880922953455 0.12831999178983403 0.12831999178983403 0.05315188092295354 -0.05315188092295349 -0.128319991789834 
0.08838834764831846 0.036611652351681574 -0.03661165235168156 -0.08838834764831846 -0.08838834764831846 -0.03661165235168162 0.03661165235168159 0.08838834764831843 -0.21338834764831846 -0.08838834764831846 0.08838834764831843 0.21338834764831846 0.2133883476483185 0.08838834764831859 -0.0883883476483185 -0.2133883476483184 0.21338834764831838 0.08838834764831843 -0.0883883476483184 -0.21338834764831838 -0.2133883476483184 -0.08838834764831854 0.08838834764831847 0.21338834764831832 -0.08838834764831846 -0.036611652351681574 0.03661165235168157 0.08838834764831846 0.08838834764831847 0.03661165235168162 -0.036611652351681595 -0.08838834764831845 -0.08838834764831863 -0.036611652351681644 0.03661165235168163 0.08838834764831863 0.08838834764831863 0.03661165235168169 -0.03661165235168166 -0.0883883476483186 0.21338834764831843 0.08838834764831846 -0.08838834764831843 -0.21338834764831843 -0.21338834764831846 -0.08838834764831857 0.08838834764831849 0.21338834764831838 -0.21338834764831835 -0.08838834764831842 0.08838834764831839 0.21338834764831835 0.21338834764831838 0.08838834764831854 -0.08838834764831846 -0.2133883476483183 0.08838834764831839 0.036611652351681546 -0.03661165235168153 -0.08838834764831839 -0.0883883476483184 -0.036611652351681595 0.03661165235168156 0.08838834764831836 
0.045059988875434255 0.01866445851258566 -0.018664458512585656 -0.045059988875434255 -0.04505998887543426 -0.018664458512585684 0.01866445851258567 0.04505998887543425 -0.12831999178983416 -0.05315188092295353 0.05315188092295352 0.12831999178983416 0.1283199917898342 0.0531518809229536 -0.05315188092295355 -0.12831999178983414 0.19204443917785416 0.07954741128580217 -0.07954741128580214 -0.19204443917785416 -0.1920444391778542 -0.07954741128580227 0.0795474112858022 0.1920444391778541 -0.226531861588222 -0.09383256937946635 0.09383256937946632 0.226531861588222 0.22653186158822203 0.09383256937946646 -0.0938325693794664 -0.22653186158822194 0.22653186158822197 0.09383256937946634 -0.09383256937946631 -0.22653186158822197 -0.226531861588222 -0.09383256937946646 0.09383256937946638 0.22653186158822192 -0.19204443917785402 -0.07954741128580212 0.07954741128580209 0.19204443917785402 0.19204443917785405 0.07954741128580221 -0.07954741128580214 -0.192044439177854 0.12831999178983403 0.05315188092295347 -0.053151880922953455 -0.12831999178983403 -0.12831999178983403 -0.05315188092295354 0.05315188092295349 0.128319991789834 -0.04505998887543432 -0.018664458512585684 0.01866445851258568 0.04505998887543432 0.045059988875434324 0.01866445851258571 -0.018664458512585694 -0.045059988875434304 
0.14698445030241983 -0.03448742241036786 -0.1733799806652684 -0.09821186979838775 0.0982118697983877 0.1733799806652684 0.034487422410367966 -0.1469844503024198 0.14698445030241983 -0.03448742241036786 -0.1733799806652684 -0.09821186979838775 0.0982118697983877 0.1733799806652684 0.034487422410367966 -0.1469844503024198 0.14698445030241983 -0.03448742241036786 -0.1733799806652684 -0.09821186979838775 0.0982118697983877 0.1733799806652684 0.034487422410367966 -0.1469844503024198 0.14698445030241983 -0.03448742241036786 -0.1733799806652684 -0.09821186979838775 0.0982118697983877 0.1733799806652684 0.034487422410367966 -0.1469844503024198 0.14698445030241983 -0.03448742241036786 -0.1733799806652684 -0.09821186979838775 0.0982118697983877 0.1733799806652684 0.034487422410367966 -0.1469844503024198 0.14698445030241983 -0.03448742241036786 -0.1733799806652684 -0.09821186979838775 0.0982118697983877 0.1733799806652684 0.034487422410367966 -0.1469844503024198 0.14698445030241983 -0.03448742241036786 -0.1733799806652684 -0.09821186979838775 0.0982118697983877 0.1733799806652684 0.034487422410367966 -0.1469844503024198 0.14698445030241983 -0.03448742241036786 -0.1733799806652684 -0.09821186979838775 0.0982118697983877 0.1733799806652684 0.034487422410367966 -0.1469844503024198 
0.20387328921222928 -0.0478354290456362 -0.24048494156391084 -0.13622377669395463 0.13622377669395458 0.24048494156391084 0.04783542904563635 -0.20387328921222925 0.17283542904563623 -0.0405529186026822 -0.20387328921222928 -0.11548494156391083 0.11548494156391076 0.20387328921222928 0.04055291860268233 -0.1728354290456362 0.11548494156391086 -0.027096593915592396 -0.13622377669395466 -0.07716457095436378 0.07716457095436373 0.13622377669395466 0.02709659391559248 -0.11548494156391084 0.04055291860268223 -0.009515058436089154 -0.04783542904563624 -0.02709659391559241 0.027096593915592396 0.04783542904563624 0.009515058436089184 -0.040552918602682224 -0.0405529186026822 0.009515058436089147 0.0478354290456362 0.027096593915592392 -0.027096593915592375 -0.0478354290456362 -0.009515058436089177 0.040552918602682196 -0.11548494156391079 0.027096593915592382 0.1362237766939546 0.07716457095436373 -0.07716457095436369 -0.1362237766939546 -0.02709659391559246 0.11548494156391077 -0.17283542904563626 0.04055291860268221 0.2038732892122293 0.11548494156391086 -0.11548494156391079 -0.2038732892122293 -0.04055291860268233 0.17283542904563623 -0.20387328921222928 0.0478354290456362 0.24048494156391084 0.13622377669395463 -0.13622377669395458 -0.24048494156391084 -0.04783542904563635 0.20387328921222925 
0.19204443917785408 -0.04505998887543423 -0.22653186158822194 -0.12831999178983416 0.1283199917898341 0.22653186158822194 0.04505998887543436 -0.19204443917785405 0.07954741128580213 -0.018664458512585646 -0.09383256937946632 -0.05315188092295353 0.053151880922953504 0.09383256937946632 0.018664458512585705 -0.07954741128580213 -0.07954741128580212 0.018664458512585642 0.0938325693794663 0.05315188092295352 -0.05315188092295348 -0.0938325693794663 -0.018664458512585698 0.0795474112858021 -0.19204443917785408 0.04505998887543423 0.22653186158822194 0.12831999178983416 -0.1283199917898341 -0.22653186158822194 -0.04505998887543436 0.19204443917785405 -0.1920444391778541 0.045059988875434234 0.22653186158822197 0.1283199917898342 -0.1283199917898341 -0.22653186158822197 -0.045059988875434366 0.19204443917785408 -0.07954741128580224 0.01866445851258567 0.09383256937946645 0.0531518809229536 -0.05315188092295357 -0.09383256937946645 -0.01866445851258573 0.07954741128580223 0.07954741128580217 -0.018664458512585656 -0.09383256937946637 -0.05315188092295355 0.053151880922953525 0.09383256937946637 0.018664458512585712 -0.07954741128580216 0.19204443917785402 -0.04505998887543421 -0.2265318615882219 -0.12831999178983414 0.12831999178983405 0.2265318615882219 0.04505998887543435 -0.19204443917785402 
0.17283542904563623 -0.0405529186026822 -0.20387328921222928 -0.11548494156391083 0.11548494156391076 0.20387328921222928 0.04055291860268233 -0.1728354290456362 -0.0405529186026822 0.009515058436089147 0.0478354290456362 0.027096593915592392 -0.027096593915592375 -0.0478354290456362 -0.009515058436089177 0.040552918602682196 -0.20387328921222928 0.0478354290456362 0.24048494156391084 0.13622377669395463 -0.13622377669395458 -0.24048494156391084 -0.04783542904563635 0.20387328921222925 -0.11548494156391083 0.027096593915592392 0.13622377669395463 0.07716457095436377 -0.07716457095436371 -0.13622377669395463 -0.027096593915592472 0.11548494156391081 0.11548494156391076 -0.027096593915592375 -0.13622377669395458 -0.07716457095436371 0.07716457095436367 0.13622377669395458 0.027096593915592455 -0.11548494156391075 0.20387328921222928 -0.0478354290456362 -0.24048494156391084 -0.13622377669395463 0.13622377669395458 0.24048494156391084 0.04783542904563635 -0.20387328921222925 0.04055291860268233 -0.009515058436089177 -0.04783542904563635 -0.027096593915592472 0.027096593915592455 0.04783542904563635 0.009515058436089205 -0.04055291860268232 -0.1728354290456362 0.040552918602682196 0.20387328921222925 0.11548494156391081 -0.11548494156391075 -0.20387328921222925 -0.04055291860268232 0.17283542904563617 
0.14698445030241986 -0.03448742241036787 -0.17337998066526844 -0.09821186979838777 0.09821186979838771 0.17337998066526844 0.034487422410367966 -0.14698445030241983 -0.14698445030241983 0.03448742241036786 0.1733799806652684 0.09821186979838775 -0.0982118697983877 -0.1733799806652684 -0.034487422410367966 0.1469844503024198 -0.14698445030241988 0.03448742241036787 0.17337998066526847 0.09821186979838778 -0.09821186979838772 -0.17337998066526847 -0.03448742241036797 0.14698445030241986 0.1469844503024198 -0.034487422410367854 -0.17337998066526839 -0.09821186979838774 0.09821186979838768 0.17337998066526839 0.03448742241036796 -0.14698445030241977 0.14698445030241988 -0.03448742241036787 -0.17337998066526847 -0.09821186979838778 0.09821186979838772 0.17337998066526847 0.03448742241036797 -0.14698445030241986 -0.14698445030241966 0.03448742241036782 0.17337998066526822 0.09821186979838764 -0.09821186979838759 -0.17337998066526822 -0.034487422410367924 0.14698445030241963 -0.14698445030241974 0.03448742241036784 0.17337998066526833 0.09821186979838771 -0.09821186979838765 -0.17337998066526833 -0.034487422410367945 0.14698445030241974 0.14698445030241963 -0.03448742241036782 -0.1733799806652682 -0.09821186979838763 0.09821186979838757 0.1733799806652682 0.03448742241036792 -0.14698445030241963 
0.11548494156391086 -0.027096593915592396 -0.13622377669395466 -0.07716457095436378 0.07716457095436373 0.13622377669395466 0.02709659391559248 -0.11548494156391084 -0.20387328921222928 0.0478354290456362 0.24048494156391084 0.13622377669395463 -0.13622377669395458 -0.24048494156391084 -0.04783542904563635 0.20387328921222925 0.040552918602682224 -0.009515058436089154 -0.04783542904563623 -0.027096593915592406 0.02709659391559239 0.04783542904563623 0.009515058436089182 -0.040552918602682224 0.17283542904563629 -0.04055291860268222 -0.20387328921222936 -0.11548494156391088 0.11548494156391081 0.20387328921222936 0.04055291860268234 -0.17283542904563626 -0.1728354290456362 0.040552918602682196 0.20387328921222925 0.11548494156391081 -0.11548494156391075 -0.20387328921222925 -0.04055291860268232 0.17283542904563617 -0.04055291860268217 0.00951505843608914 0.04783542904563616 0.027096593915592368 -0.02709659391559235 -0.04783542904563616 -0.009515058436089168 0.04055291860268216 0.20387328921222933 -0.047835429045636216 -0.2404849415639109 -0.1362237766939547 0.1362237766939546 0.2404849415639109 0.047835429045636355 -0.2038732892122293 -0.11548494156391069 0.027096593915592358 0.1362237766939545 0.07716457095436367 -0.07716457095436363 -0.1362237766939545 -0.02709659391559244 0.11548494156391068 
